=== Storages ===
0 3650118304631.0 47077.0 1039006791.0 71957.0 863904106.0
1 7928672130689.0 320.0 524288000.0 320.0 419430400.0
2 5639249196420.0 320.0 524288000.0 320.0 419430400.0
=== Objects ===
0 3184365757.0 0.0 38.0 42.0 3.0 0 2
1 4112080096.0 1.0 39.0 34.0 2.0 1 2
2 1428729168.0 1.0 3.0 8.0 3.0 1 2
3 3728505157.0 2.0 37.0 6.0 1.0 0 1
4 2869359059.0 2.0 10.0 30.0 1.0 0 1
5 1403731250.0 0.0 104.0 21.0 0.0 0 1
6 299276954.0 7.0 25.0 28.0 1.0 0 2
7 348769272.0 0.0 22.0 12.0 1.0 1 2
8 2762268503.0 2.0 20.0 28.0 2.0 0 2
9 431211093.0 1.0 31.0 5.0 3.0 0 1
10 5141567029.0 1.0 4.0 18.0 0.0 0 1
11 101817674.0 7.0 42.0 22.0 4.0 0 1
12 5198704315.0 1.0 14.0 20.0 8.0 0 2
13 1445084144.0 1.0 0.0 15.0 8.0 1 2
14 1651602391.0 2.0 100.0 37.0 3.0 1 2
15 2668684161.0 3.0 44.0 4.0 2.0 1 2
16 3598226150.0 3.0 3.0 20.0 4.0 1 2
17 2724683197.0 2.0 120.0 27.0 4.0 0 1
18 7976709078.0 5.0 21.0 9.0 3.0 0 2
19 1137152025.0 5.0 9.0 36.0 2.0 0 1
20 4391576784.0 3.0 4.0 12.0 0.0 0 2
21 3433808973.0 3.0 69.0 34.0 0.0 0 1
22 737984331.0 3.0 3.0 31.0 2.0 1 2
23 3733885940.0 3.0 29.0 2.0 3.0 1 2
24 1097841813.0 3.0 64.0 3.0 5.0 1 2
25 2461197372.0 6.0 14.0 5.0 2.0 1 2
26 7495062645.0 7.0 28.0 55.0 11.0 0 2
27 6628927658.0 3.0 32.0 4.0 0.0 1 2
28 1793118416.0 1.0 92.0 8.0 4.0 0 2
29 3589592168.0 0.0 74.0 1.0 3.0 0 2
30 1307028789.0 3.0 79.0 3.0 5.0 0 2
31 302177087.0 3.0 19.0 1.0 2.0 0 2
32 5878442579.0 6.0 0.0 27.0 1.0 0 1
33 1065293796.0 9.0 22.0 39.0 8.0 0 1
34 672827560.0 1.0 14.0 45.0 7.0 0 2
35 971852262.0 4.0 14.0 19.0 1.0 1 2
36 5208546319.0 5.0 48.0 12.0 5.0 1 2
37 1717592049.0 0.0 0.0 26.0 10.0 1 2
38 1323696536.0 12.0 46.0 20.0 3.0 1 2
39 5812923194.0 6.0 31.0 23.0 0.0 0 2
40 5535964661.0 2.0 16.0 6.0 0.0 0 2
41 383154855.0 6.0 22.0 25.0 4.0 0 1
42 2764903919.0 1.0 101.0 12.0 0.0 1 2
43 5191566378.0 2.0 77.0 6.0 6.0 1 2
44 3427879249.0 1.0 53.0 15.0 0.0 0 1
45 2140692716.0 5.0 23.0 9.0 3.0 0 1
46 129370212.0 7.0 43.0 10.0 0.0 0 1
47 6691988817.0 1.0 76.0 4.0 0.0 0 1
48 8220711513.0 3.0 8.0 27.0 7.0 0 2
49 2640524674.0 5.0 12.0 17.0 3.0 0 1
50 1156570744.0 0.0 49.0 8.0 1.0 0 1
51 269867584.0 3.0 45.0 33.0 8.0 0 1
52 4013713141.0 8.0 105.0 7.0 3.0 1 2
53 629063554.0 5.0 0.0 9.0 4.0 0 2
54 5759350208.0 2.0 106.0 5.0 3.0 0 1
55 5105884118.0 9.0 121.0 4.0 9.0 0 1
56 1173409352.0 5.0 76.0 12.0 1.0 0 1
57 4331832763.0 8.0 39.0 42.0 3.0 1 2
58 6242586919.0 1.0 59.0 51.0 3.0 0 1
59 1611302290.0 1.0 0.0 19.0 11.0 1 2
60 580751786.0 5.0 22.0 38.0 6.0 1 2
61 8070804851.0 0.0 7.0 6.0 0.0 0 2
62 987709943.0 3.0 92.0 7.0 3.0 0 1
63 2235578074.0 5.0 3.0 3.0 1.0 0 2
64 4838546136.0 0.0 41.0 9.0 2.0 0 2
65 2884079916.0 0.0 10.0 21.0 8.0 0 1
66 2148536806.0 5.0 66.0 58.0 1.0 1 2
67 4856723256.0 4.0 32.0 1.0 1.0 0 1
68 7049432730.0 3.0 6.0 46.0 1.0 0 2
69 442420029.0 0.0 26.0 14.0 0.0 0 2
70 3938782585.0 0.0 23.0 13.0 10.0 0 2
71 942924536.0 0.0 103.0 3.0 7.0 0 2
72 4754342034.0 3.0 10.0 6.0 6.0 0 2
73 4251589902.0 3.0 40.0 20.0 9.0 0 1
74 565031064.0 7.0 93.0 16.0 0.0 1 2
75 2234487782.0 1.0 33.0 30.0 5.0 1 2
76 3787730688.0 4.0 61.0 27.0 12.0 1 2
77 4657934652.0 1.0 58.0 23.0 3.0 1 2
78 7340590760.0 4.0 24.0 43.0 4.0 0 2
79 5285707783.0 2.0 39.0 18.0 0.0 0 2
80 7044650848.0 0.0 4.0 31.0 2.0 0 2
81 3009878960.0 3.0 10.0 5.0 2.0 0 2
82 862986782.0 4.0 64.0 20.0 3.0 1 2
83 3833298517.0 2.0 96.0 13.0 4.0 1 2
84 3462764561.0 1.0 16.0 1.0 4.0 0 1
85 5215432281.0 9.0 15.0 42.0 7.0 0 2
86 3915553018.0 0.0 41.0 29.0 2.0 0 2
87 2861580849.0 9.0 31.0 44.0 2.0 1 2
88 6219606033.0 5.0 18.0 21.0 0.0 1 2
89 3335329999.0 0.0 13.0 9.0 0.0 0 2
90 6538623176.0 8.0 35.0 27.0 2.0 1 2
91 767504486.0 4.0 32.0 38.0 2.0 1 2
92 3355108212.0 4.0 30.0 82.0 7.0 0 2
93 1283683807.0 3.0 27.0 24.0 8.0 1 2
94 6076377397.0 2.0 16.0 20.0 0.0 0 2
95 1225949032.0 4.0 29.0 14.0 2.0 0 2
96 7886569393.0 0.0 100.0 1.0 1.0 0 2
97 676254979.0 3.0 21.0 11.0 3.0 0 1
98 1158811334.0 0.0 18.0 32.0 1.0 0 2
99 2155636220.0 0.0 88.0 12.0 4.0 0 1
100 4561213531.0 6.0 67.0 5.0 10.0 0 1
101 7646612747.0 0.0 46.0 9.0 2.0 0 2
102 2082738625.0 2.0 88.0 23.0 9.0 0 1
103 3469391973.0 1.0 81.0 29.0 5.0 0 2
104 3059458679.0 8.0 42.0 53.0 4.0 1 2
105 5076939583.0 5.0 48.0 17.0 0.0 1 2
106 9287146848.0 5.0 110.0 40.0 5.0 0 1
107 2816733071.0 6.0 80.0 3.0 3.0 0 1
108 1989239795.0 1.0 18.0 2.0 9.0 0 1
109 415414454.0 4.0 54.0 3.0 2.0 0 1
110 127242164.0 1.0 49.0 13.0 3.0 0 2
111 12328375501.0 0.0 6.0 5.0 3.0 0 2
112 1933300625.0 2.0 4.0 1.0 1.0 0 1
113 4309803221.0 2.0 35.0 3.0 4.0 0 2
114 7205597994.0 1.0 10.0 36.0 1.0 0 2
115 4825841294.0 1.0 76.0 27.0 2.0 0 2
116 2586418924.0 6.0 13.0 19.0 0.0 1 2
117 312015207.0 9.0 78.0 30.0 1.0 0 1
118 5516169843.0 8.0 12.0 10.0 2.0 0 1
119 5195884452.0 0.0 47.0 34.0 2.0 0 2
120 1223131105.0 6.0 2.0 37.0 4.0 1 2
121 874385233.0 0.0 47.0 0.0 7.0 0 2
122 1416667224.0 2.0 73.0 10.0 1.0 0 1
123 924892664.0 0.0 68.0 2.0 4.0 1 2
124 371401578.0 7.0 60.0 13.0 1.0 0 2
125 3699585474.0 9.0 47.0 1.0 1.0 0 1
126 1914188786.0 5.0 56.0 27.0 8.0 0 2
127 346747058.0 1.0 6.0 27.0 0.0 0 2
128 1924834670.0 10.0 34.0 7.0 1.0 1 2
129 6255258508.0 2.0 128.0 26.0 3.0 1 2
130 3504072237.0 2.0 35.0 32.0 4.0 0 1
131 1958506774.0 3.0 29.0 8.0 6.0 0 2
132 1004695275.0 5.0 6.0 15.0 6.0 0 1
133 3423192689.0 0.0 50.0 12.0 0.0 1 2
134 4583320343.0 2.0 57.0 15.0 2.0 1 2
135 1462586606.0 2.0 14.0 15.0 1.0 0 2
136 244712802.0 5.0 77.0 33.0 5.0 0 1
137 4836530805.0 10.0 23.0 10.0 0.0 1 2
138 205949647.0 3.0 44.0 3.0 3.0 0 1
139 2742354611.0 2.0 5.0 17.0 5.0 0 2
140 4154011393.0 1.0 47.0 26.0 9.0 1 2
141 7255839037.0 2.0 78.0 8.0 5.0 0 2
142 1433224038.0 3.0 48.0 15.0 1.0 0 1
143 6910444163.0 6.0 5.0 42.0 5.0 0 2
144 3254708378.0 4.0 1.0 29.0 0.0 0 2
145 3157821705.0 8.0 75.0 24.0 0.0 0 2
146 2131672597.0 3.0 42.0 35.0 7.0 0 1
147 7567671784.0 2.0 16.0 20.0 1.0 0 1
148 8694966567.0 0.0 12.0 0.0 8.0 0 1
149 3228062642.0 4.0 35.0 12.0 5.0 1 2
150 10611680398.0 0.0 108.0 0.0 10.0 0 2
151 4315295277.0 1.0 14.0 5.0 2.0 0 1
152 3322913518.0 10.0 39.0 54.0 4.0 0 2
153 2237472688.0 6.0 2.0 14.0 4.0 1 2
154 6125499064.0 6.0 39.0 10.0 0.0 0 1
155 9707480569.0 11.0 6.0 30.0 6.0 1 2
156 4755901372.0 2.0 52.0 9.0 3.0 0 1
157 5755141931.0 1.0 56.0 21.0 12.0 0 2
158 1790881927.0 0.0 55.0 65.0 5.0 1 2
159 1559721032.0 3.0 95.0 14.0 10.0 0 2
160 9342007431.0 1.0 1.0 4.0 5.0 0 2
161 7396421903.0 2.0 16.0 6.0 1.0 0 2
162 6930948078.0 1.0 31.0 5.0 3.0 1 2
163 840870947.0 2.0 33.0 40.0 3.0 0 1
164 1682760992.0 4.0 65.0 20.0 2.0 1 2
165 7439902814.0 0.0 86.0 34.0 2.0 0 1
166 1993342116.0 1.0 51.0 24.0 1.0 0 1
167 8470982158.0 1.0 14.0 26.0 0.0 0 2
168 2323997075.0 2.0 30.0 0.0 9.0 0 1
169 8361356594.0 2.0 4.0 8.0 3.0 0 2
170 7712288155.0 7.0 29.0 5.0 2.0 0 2
171 354709806.0 5.0 45.0 54.0 0.0 0 2
172 2469886703.0 1.0 14.0 5.0 1.0 0 1
173 2450204179.0 10.0 60.0 0.0 1.0 0 1
174 1796325434.0 0.0 83.0 38.0 2.0 1 2
175 9157443181.0 4.0 11.0 41.0 5.0 0 1
176 2254432779.0 1.0 38.0 13.0 2.0 1 2
177 2581180012.0 4.0 37.0 29.0 7.0 1 2
178 4682260328.0 5.0 56.0 26.0 4.0 0 1
179 3243409715.0 5.0 38.0 29.0 3.0 0 2
180 6373005027.0 6.0 59.0 24.0 4.0 0 1
181 1917815083.0 2.0 22.0 40.0 1.0 0 1
182 1150236665.0 0.0 4.0 23.0 4.0 1 2
183 3752971018.0 2.0 60.0 3.0 0.0 0 2
184 3081067041.0 2.0 9.0 23.0 5.0 0 2
185 6023254862.0 8.0 28.0 25.0 1.0 0 1
186 296930459.0 10.0 4.0 11.0 2.0 1 2
187 5466998247.0 1.0 67.0 16.0 0.0 0 2
188 2263163688.0 4.0 44.0 28.0 5.0 0 2
189 937404809.0 2.0 49.0 0.0 9.0 1 2
190 1366789932.0 7.0 16.0 2.0 4.0 0 1
191 1954997000.0 8.0 17.0 26.0 3.0 0 1
192 3272713544.0 3.0 29.0 4.0 2.0 1 2
193 6024927277.0 3.0 33.0 22.0 2.0 0 2
194 8515256907.0 0.0 39.0 11.0 1.0 1 2
195 3023241343.0 6.0 70.0 15.0 0.0 1 2
196 2554631999.0 2.0 47.0 33.0 1.0 1 2
197 494283931.0 2.0 45.0 12.0 3.0 1 2
198 3866530924.0 10.0 76.0 0.0 1.0 0 1
199 2500657338.0 6.0 1.0 20.0 0.0 1 2
200 370977346.0 3.0 93.0 10.0 0.0 0 1
201 2603287571.0 3.0 45.0 53.0 4.0 1 2
202 5844071186.0 4.0 88.0 6.0 4.0 0 2
203 1606060307.0 0.0 125.0 19.0 0.0 0 1
204 3350700978.0 2.0 9.0 9.0 5.0 0 2
205 5147008544.0 4.0 70.0 9.0 2.0 0 2
206 5765606969.0 10.0 20.0 13.0 4.0 0 1
207 1096813196.0 9.0 36.0 3.0 1.0 0 1
208 2102674680.0 7.0 53.0 19.0 0.0 1 2
209 6367087174.0 4.0 34.0 26.0 0.0 0 1
210 1603508235.0 7.0 4.0 1.0 5.0 1 2
211 4499307290.0 4.0 19.0 7.0 7.0 0 2
212 4589064633.0 5.0 39.0 13.0 5.0 0 2
213 4364559410.0 6.0 20.0 1.0 6.0 0 2
214 2684896642.0 3.0 11.0 50.0 3.0 1 2
215 31549227.0 5.0 13.0 13.0 8.0 0 1
216 337245349.0 7.0 28.0 35.0 0.0 0 1
217 2256231470.0 5.0 84.0 37.0 5.0 1 2
218 5559588023.0 1.0 44.0 29.0 3.0 0 2
219 512761303.0 4.0 86.0 11.0 0.0 0 1
220 4602099220.0 7.0 101.0 24.0 2.0 0 2
221 433864790.0 2.0 18.0 58.0 4.0 0 1
222 4664558137.0 0.0 42.0 36.0 7.0 0 2
223 1060490683.0 1.0 17.0 4.0 1.0 0 1
224 3504362425.0 3.0 4.0 0.0 3.0 0 1
225 165091419.0 5.0 29.0 42.0 1.0 1 2
226 6023876125.0 7.0 0.0 14.0 2.0 1 2
227 1741974221.0 7.0 77.0 9.0 5.0 0 2
228 3035471722.0 6.0 61.0 18.0 3.0 1 2
229 5676232979.0 2.0 28.0 12.0 5.0 1 2
230 317869730.0 1.0 2.0 29.0 8.0 0 2
231 4107941627.0 0.0 6.0 10.0 5.0 0 1
232 4038327523.0 3.0 69.0 27.0 3.0 1 2
233 196026344.0 2.0 3.0 22.0 12.0 0 2
234 4396086566.0 8.0 77.0 7.0 8.0 0 2
235 3006938979.0 6.0 22.0 1.0 2.0 1 2
236 447892831.0 2.0 23.0 7.0 2.0 0 2
237 3678877891.0 0.0 92.0 7.0 2.0 1 2
238 1549755883.0 7.0 48.0 8.0 3.0 0 1
239 2978410146.0 0.0 68.0 46.0 6.0 0 2
240 3965436911.0 7.0 27.0 5.0 6.0 0 2
241 1057339272.0 6.0 40.0 8.0 3.0 1 2
242 11172473049.0 1.0 16.0 24.0 3.0 1 2
243 4653635127.0 3.0 47.0 1.0 5.0 1 2
244 55115079.0 2.0 107.0 0.0 0.0 0 1
245 2574351121.0 6.0 38.0 11.0 8.0 1 2
246 125484900.0 10.0 118.0 12.0 5.0 0 1
247 6751896377.0 1.0 13.0 18.0 4.0 0 1
248 3898490714.0 0.0 71.0 11.0 11.0 0 1
249 1930597859.0 6.0 5.0 19.0 0.0 0 2
250 2112784425.0 4.0 3.0 36.0 7.0 1 2
251 1969829062.0 9.0 27.0 15.0 5.0 0 1
252 3138544881.0 4.0 73.0 40.0 8.0 0 1
253 6866501169.0 3.0 14.0 35.0 4.0 0 1
254 2295634697.0 1.0 63.0 43.0 6.0 1 2
255 2781382246.0 1.0 59.0 19.0 3.0 1 2
256 572709241.0 6.0 38.0 3.0 2.0 0 2
257 2046347593.0 0.0 43.0 4.0 7.0 1 2
258 3061378408.0 6.0 45.0 47.0 0.0 0 1
259 937716371.0 1.0 13.0 0.0 3.0 0 1
260 861406219.0 2.0 93.0 25.0 11.0 0 2
261 2732928047.0 1.0 28.0 43.0 5.0 1 2
262 197342738.0 6.0 18.0 18.0 8.0 1 2
263 657507464.0 5.0 28.0 1.0 2.0 0 2
264 1959501079.0 4.0 9.0 20.0 1.0 1 2
265 1557379533.0 10.0 9.0 0.0 1.0 0 2
266 8185850664.0 1.0 7.0 18.0 2.0 0 2
267 3308374508.0 2.0 56.0 20.0 2.0 1 2
268 2024520163.0 3.0 33.0 31.0 6.0 0 2
269 1800450619.0 8.0 131.0 32.0 10.0 1 2
270 1635648556.0 5.0 19.0 23.0 3.0 0 2
271 2892296466.0 2.0 7.0 38.0 2.0 0 1
272 1863432033.0 6.0 22.0 18.0 4.0 0 2
273 8012331309.0 3.0 11.0 27.0 1.0 0 2
274 3567918173.0 1.0 7.0 29.0 5.0 0 1
275 2724157765.0 4.0 48.0 0.0 2.0 1 2
276 2328480307.0 1.0 33.0 32.0 3.0 1 2
277 2943007344.0 1.0 64.0 54.0 2.0 0 1
278 1548889385.0 2.0 82.0 40.0 0.0 0 2
279 4025892029.0 9.0 41.0 11.0 3.0 0 1
280 4097917612.0 1.0 59.0 16.0 2.0 0 2
281 4861656442.0 6.0 26.0 12.0 4.0 1 2
282 5097348245.0 0.0 62.0 9.0 6.0 0 2
283 3349097519.0 6.0 1.0 0.0 5.0 0 1
284 5185794758.0 9.0 58.0 8.0 2.0 0 2
285 5123756973.0 5.0 62.0 5.0 6.0 0 2
286 3670776587.0 0.0 9.0 20.0 4.0 1 2
287 1395275206.0 3.0 15.0 6.0 0.0 1 2
288 2161273476.0 8.0 49.0 18.0 4.0 0 2
289 10006308920.0 4.0 46.0 10.0 5.0 0 2
290 1588670897.0 0.0 20.0 4.0 4.0 0 2
291 1380747891.0 0.0 13.0 9.0 9.0 0 1
292 216434286.0 2.0 30.0 5.0 2.0 0 2
293 7677192318.0 3.0 3.0 6.0 1.0 0 1
294 1469319903.0 2.0 80.0 12.0 7.0 0 2
295 2048174657.0 0.0 6.0 33.0 3.0 1 2
296 1679149704.0 5.0 90.0 26.0 6.0 0 2
297 3834117356.0 2.0 56.0 9.0 0.0 0 2
298 6725396453.0 6.0 18.0 37.0 4.0 0 2
299 5233418028.0 2.0 42.0 9.0 6.0 0 1
300 2093587968.0 2.0 51.0 7.0 5.0 1 2
301 9360222238.0 0.0 49.0 3.0 6.0 0 2
302 2251702185.0 1.0 53.0 29.0 3.0 1 2
303 3153747036.0 4.0 9.0 6.0 6.0 0 1
304 6581875268.0 8.0 26.0 13.0 2.0 0 2
305 2805109822.0 2.0 41.0 10.0 8.0 0 1
306 916599647.0 1.0 33.0 16.0 1.0 0 2
307 3423525100.0 1.0 33.0 21.0 4.0 1 2
308 7975685765.0 5.0 28.0 20.0 6.0 0 1
309 5586862424.0 1.0 8.0 16.0 1.0 1 2
310 5498786785.0 6.0 124.0 17.0 0.0 0 2
311 2095767927.0 3.0 30.0 2.0 3.0 0 1
312 1904193055.0 1.0 25.0 22.0 0.0 0 2
313 6093549860.0 1.0 38.0 25.0 4.0 0 1
314 127438387.0 4.0 28.0 20.0 0.0 0 2
315 1729873712.0 5.0 14.0 18.0 0.0 0 1
316 2218114322.0 1.0 21.0 8.0 5.0 0 2
317 3284850086.0 0.0 4.0 14.0 0.0 1 2
318 8100628336.0 4.0 13.0 36.0 6.0 0 1
319 4246043392.0 10.0 27.0 26.0 1.0 1 2
320 1898246389.0 7.0 4.0 38.0 6.0 1 2
321 3374392925.0 6.0 58.0 10.0 1.0 0 1
322 2703979314.0 0.0 42.0 10.0 8.0 1 2
323 9093426547.0 4.0 79.0 18.0 7.0 0 1
324 6396393859.0 5.0 50.0 20.0 0.0 0 2
325 6338276093.0 6.0 31.0 20.0 3.0 0 1
326 2047568005.0 2.0 4.0 10.0 4.0 0 2
327 2696583136.0 1.0 16.0 10.0 6.0 0 2
328 467727352.0 1.0 55.0 2.0 7.0 0 1
329 2440766898.0 2.0 48.0 5.0 6.0 1 2
330 2759699213.0 0.0 22.0 15.0 1.0 0 2
331 3046453066.0 6.0 73.0 29.0 1.0 1 2
332 7951760302.0 3.0 10.0 46.0 4.0 0 2
333 3516354114.0 0.0 17.0 42.0 6.0 1 2
334 1027515512.0 1.0 116.0 0.0 4.0 1 2
335 5411390827.0 8.0 48.0 21.0 10.0 1 2
336 80120335.0 4.0 1.0 27.0 2.0 0 1
337 6980192133.0 3.0 11.0 8.0 2.0 1 2
338 1227739567.0 4.0 2.0 8.0 7.0 1 2
339 3099729403.0 0.0 20.0 47.0 2.0 0 2
340 3453315214.0 6.0 44.0 40.0 5.0 0 1
341 5398692695.0 9.0 6.0 30.0 0.0 0 2
342 1802071907.0 5.0 85.0 0.0 13.0 0 2
343 5058566410.0 6.0 37.0 6.0 4.0 0 2
344 2074249828.0 6.0 20.0 13.0 3.0 1 2
345 7242882144.0 5.0 64.0 31.0 1.0 0 2
346 6406810236.0 9.0 23.0 4.0 3.0 1 2
347 1447019870.0 0.0 34.0 54.0 4.0 0 1
348 415959965.0 2.0 41.0 30.0 2.0 0 1
349 9206442799.0 10.0 44.0 13.0 1.0 0 1
350 4042036497.0 1.0 28.0 35.0 0.0 0 1
351 6244738282.0 4.0 101.0 31.0 1.0 0 2
352 10573496283.0 13.0 0.0 41.0 6.0 1 2
353 4236694739.0 7.0 50.0 5.0 2.0 0 1
354 141149492.0 6.0 53.0 3.0 2.0 1 2
355 7156668621.0 0.0 11.0 19.0 1.0 0 1
356 6866573075.0 4.0 48.0 0.0 11.0 1 2
357 2107299837.0 4.0 4.0 43.0 12.0 0 1
358 296083344.0 4.0 118.0 35.0 2.0 0 2
359 483605214.0 2.0 34.0 15.0 2.0 0 2
360 1106320199.0 5.0 3.0 76.0 4.0 1 2
361 2231953335.0 0.0 5.0 3.0 9.0 0 1
362 3220823583.0 5.0 79.0 47.0 3.0 0 2
363 674978420.0 4.0 32.0 8.0 6.0 0 2
364 9185989403.0 7.0 24.0 32.0 2.0 1 2
365 908688422.0 4.0 13.0 3.0 5.0 0 1
366 7964793055.0 0.0 54.0 17.0 4.0 0 2
367 5055472699.0 0.0 11.0 3.0 8.0 1 2
368 8074911844.0 2.0 58.0 6.0 2.0 0 1
369 2252000801.0 1.0 11.0 10.0 1.0 0 2
370 1761991436.0 5.0 86.0 29.0 2.0 0 1
371 9123756806.0 5.0 15.0 49.0 8.0 1 2
372 2408973191.0 12.0 65.0 24.0 4.0 1 2
373 5243118794.0 6.0 2.0 56.0 4.0 1 2
374 4361679629.0 2.0 42.0 9.0 1.0 1 2
375 2921249573.0 0.0 9.0 17.0 2.0 0 1
376 156562504.0 4.0 42.0 24.0 0.0 1 2
377 3245375287.0 0.0 2.0 6.0 0.0 1 2
378 6282715559.0 7.0 45.0 8.0 4.0 1 2
379 2817602421.0 1.0 7.0 19.0 4.0 0 1
380 3909279836.0 0.0 1.0 35.0 2.0 1 2
381 548455058.0 2.0 48.0 10.0 3.0 0 1
382 7301201142.0 3.0 58.0 39.0 4.0 1 2
383 8974746972.0 6.0 86.0 7.0 8.0 1 2
384 1316173198.0 6.0 32.0 28.0 0.0 1 2
385 4423850531.0 3.0 86.0 0.0 4.0 0 2
386 3282572298.0 1.0 99.0 33.0 3.0 0 2
387 2110183414.0 6.0 29.0 39.0 5.0 0 1
388 5188964941.0 2.0 60.0 12.0 3.0 0 2
389 3151667428.0 3.0 2.0 9.0 4.0 0 2
390 3723904185.0 1.0 48.0 2.0 0.0 0 2
391 4035716913.0 6.0 48.0 18.0 4.0 0 2
392 4440300237.0 7.0 10.0 5.0 10.0 1 2
393 4846819918.0 4.0 54.0 20.0 3.0 0 1
394 827533936.0 1.0 79.0 27.0 3.0 1 2
395 7228019214.0 3.0 91.0 16.0 5.0 0 2
396 4769352119.0 3.0 16.0 26.0 7.0 0 1
397 4163368405.0 1.0 51.0 10.0 7.0 1 2
398 3050342978.0 8.0 61.0 50.0 3.0 0 1
399 6722852657.0 5.0 44.0 21.0 3.0 1 2
400 3422139551.0 6.0 50.0 6.0 0.0 0 2
401 2780688941.0 6.0 64.0 29.0 3.0 0 2
402 4466731110.0 0.0 68.0 27.0 2.0 0 1
403 4445843044.0 6.0 98.0 28.0 0.0 0 2
404 7267979413.0 2.0 73.0 5.0 0.0 0 1
405 2044587969.0 2.0 16.0 6.0 4.0 0 2
406 2050101224.0 4.0 4.0 14.0 0.0 0 1
407 4079897189.0 2.0 76.0 6.0 1.0 0 2
408 6074221305.0 4.0 63.0 5.0 3.0 1 2
409 30266824.0 6.0 35.0 2.0 1.0 1 2
410 4304926687.0 5.0 18.0 32.0 4.0 1 2
411 4082694043.0 4.0 46.0 40.0 2.0 0 2
412 5087754452.0 1.0 37.0 12.0 2.0 1 2
413 7164596511.0 1.0 39.0 2.0 5.0 0 2
414 134377149.0 0.0 20.0 8.0 13.0 0 1
415 9489972420.0 4.0 14.0 29.0 2.0 1 2
416 10180344171.0 4.0 11.0 23.0 5.0 0 2
417 1309160931.0 4.0 107.0 20.0 2.0 1 2
418 3039485130.0 0.0 48.0 4.0 6.0 1 2
419 4550313013.0 3.0 12.0 9.0 3.0 0 2
420 1236775268.0 1.0 24.0 23.0 8.0 1 2
421 1806995257.0 0.0 80.0 18.0 15.0 1 2
422 1871527565.0 1.0 68.0 16.0 3.0 0 1
423 2956130123.0 3.0 80.0 7.0 2.0 0 1
424 1758909766.0 1.0 3.0 12.0 3.0 0 1
425 4649184669.0 10.0 37.0 4.0 2.0 1 2
426 3068025979.0 2.0 48.0 2.0 6.0 0 1
427 5965513919.0 6.0 21.0 5.0 2.0 1 2
428 1760584909.0 0.0 19.0 27.0 1.0 0 1
429 9316650890.0 0.0 104.0 20.0 5.0 1 2
430 933114098.0 0.0 132.0 12.0 7.0 0 2
431 380828350.0 6.0 9.0 31.0 1.0 1 2
432 4118082619.0 0.0 42.0 9.0 2.0 0 1
433 5049342287.0 7.0 18.0 17.0 0.0 0 2
434 8074448839.0 3.0 17.0 13.0 5.0 0 2
435 2754741650.0 1.0 24.0 1.0 7.0 0 1
436 3264998586.0 0.0 17.0 6.0 4.0 0 2
437 3033197163.0 7.0 5.0 5.0 4.0 1 2
438 1464923097.0 3.0 6.0 14.0 1.0 0 2
439 1203137982.0 1.0 12.0 5.0 3.0 0 2
440 1894454905.0 7.0 75.0 44.0 4.0 1 2
441 1061329879.0 1.0 151.0 38.0 5.0 0 1
442 486914105.0 2.0 26.0 44.0 13.0 0 2
443 5765307319.0 9.0 26.0 25.0 1.0 1 2
444 1916483897.0 10.0 17.0 86.0 1.0 0 2
445 7679916598.0 1.0 2.0 15.0 0.0 0 2
446 2637910807.0 1.0 28.0 24.0 6.0 0 2
447 4887930020.0 1.0 28.0 40.0 6.0 0 2
448 4338373247.0 1.0 33.0 7.0 1.0 0 2
449 3963820831.0 7.0 62.0 16.0 0.0 0 1
450 4920322965.0 5.0 2.0 17.0 0.0 0 2
451 5008446650.0 4.0 107.0 10.0 4.0 1 2
452 6305498481.0 6.0 33.0 10.0 0.0 1 2
453 1747076884.0 0.0 105.0 7.0 4.0 0 1
454 3025281102.0 4.0 27.0 34.0 0.0 0 2
455 3053437650.0 1.0 14.0 37.0 3.0 0 1
456 6277805545.0 1.0 37.0 25.0 1.0 1 2
457 1281394145.0 3.0 58.0 27.0 1.0 0 1
458 2218300074.0 3.0 19.0 29.0 8.0 1 2
459 3291475050.0 6.0 90.0 20.0 3.0 1 2
460 5563715571.0 11.0 41.0 14.0 1.0 0 1
461 3676788078.0 1.0 92.0 9.0 12.0 0 2
462 5047154303.0 9.0 34.0 30.0 7.0 1 2
463 4166916771.0 4.0 14.0 32.0 6.0 1 2
464 10052712518.0 7.0 19.0 19.0 9.0 0 1
465 14384631603.0 7.0 11.0 2.0 4.0 0 1
466 2677049132.0 2.0 30.0 10.0 10.0 0 2
467 7068615228.0 4.0 109.0 3.0 8.0 0 2
468 293145654.0 0.0 94.0 3.0 11.0 1 2
469 993189051.0 0.0 25.0 9.0 0.0 0 1
470 875514247.0 3.0 26.0 28.0 1.0 0 2
471 54030471.0 11.0 48.0 63.0 0.0 0 1
472 8236717896.0 2.0 45.0 19.0 1.0 0 1
473 2257424102.0 2.0 8.0 13.0 5.0 0 2
474 1613137970.0 0.0 116.0 18.0 2.0 0 2
475 1835766819.0 6.0 67.0 16.0 0.0 0 2
476 4839407752.0 1.0 7.0 50.0 4.0 0 2
477 3998183932.0 8.0 57.0 21.0 3.0 0 2
478 5475114480.0 2.0 13.0 32.0 1.0 0 2
479 2993936025.0 7.0 31.0 25.0 5.0 1 2
480 1968815328.0 1.0 88.0 10.0 3.0 0 2
481 1836161050.0 5.0 70.0 5.0 0.0 0 2
482 2841278071.0 11.0 43.0 33.0 2.0 0 1
483 1286597449.0 11.0 21.0 17.0 0.0 0 1
484 2747261686.0 3.0 17.0 15.0 4.0 1 2
485 1653555337.0 1.0 56.0 8.0 0.0 1 2
486 1878202590.0 4.0 9.0 22.0 3.0 0 1
487 1057772924.0 6.0 27.0 8.0 2.0 0 1
488 4613043147.0 3.0 22.0 11.0 1.0 0 2
489 6427493640.0 3.0 5.0 13.0 6.0 0 1
490 4514377811.0 5.0 10.0 6.0 4.0 1 2
491 1945707575.0 0.0 42.0 4.0 9.0 0 2
492 4741380319.0 0.0 50.0 13.0 4.0 1 2
493 3257897340.0 0.0 40.0 14.0 1.0 0 2
494 1432137660.0 4.0 20.0 1.0 1.0 0 1
495 595135097.0 2.0 14.0 2.0 11.0 1 2
496 5653832994.0 4.0 35.0 15.0 4.0 0 1
497 4505804938.0 2.0 28.0 1.0 2.0 1 2
498 299802088.0 1.0 3.0 30.0 0.0 0 1
499 284399307.0 11.0 33.0 56.0 6.0 0 1
=== Proposals ===
0 421 2 0 0 1
1 76 2 0 0 2
2 296 2 0 0 1
3 77 2 0 0 1
4 441 2 0 1 2
5 451 2 0 0 2
6 176 2 0 0 1
7 62 2 0 0 2
8 186 2 0 0 1
9 382 2 0 0 2
10 198 2 0 1 2
11 400 2 0 0 1
12 273 2 0 0 1
13 172 2 0 0 2
14 50 2 0 0 2
15 237 2 0 0 1
16 111 2 0 1 2
17 494 2 0 0 2
18 137 2 0 0 2
19 452 2 0 0 1
20 380 2 0 0 1
21 283 2 0 0 2
22 481 2 0 0 1
23 343 2 0 1 2
24 176 2 0 0 2
25 259 2 0 0 2
26 80 2 0 1 2
27 366 2 0 0 1
28 426 2 0 0 2
29 138 2 0 1 2
30 164 2 0 0 2
31 66 2 0 0 2
32 127 2 0 0 1
33 187 2 0 1 2
34 291 2 0 0 2
35 101 2 0 1 2
36 315 2 0 0 2
37 317 2 0 0 1
38 212 2 0 0 1
39 408 2 0 0 1
40 237 2 0 0 2
41 150 2 0 0 1
42 431 2 0 0 2
43 54 2 0 1 2
44 167 2 0 1 2
45 79 2 0 0 1
46 393 2 0 0 2
47 264 2 0 0 2
48 406 2 0 1 2
49 216 2 0 0 2
50 98 2 0 0 1
51 190 2 0 0 2
52 491 2 0 0 1
53 376 2 0 0 1
54 369 2 0 0 1
55 436 2 0 0 1
56 325 2 0 0 2
57 81 2 0 1 2
58 203 2 0 0 2
59 499 2 0 0 2
60 468 2 0 0 2
61 69 2 0 0 1
62 304 2 0 0 1
63 308 2 0 0 2
64 219 2 0 0 2
65 306 2 0 1 2
66 171 2 0 1 2
67 459 2 0 0 1
68 92 2 0 1 2
69 467 2 0 1 2
70 425 2 0 0 1
71 215 2 0 0 2
72 297 2 0 1 2
73 412 2 0 0 1
74 409 2 0 0 2
75 154 2 0 0 2
76 458 2 0 0 2
77 493 2 0 1 2
78 255 2 0 0 2
79 338 2 0 0 1
80 294 2 0 1 2
81 171 2 0 0 1
82 290 2 0 0 1
83 26 2 0 1 2
84 235 2 0 0 1
85 473 2 0 0 1
86 170 2 0 0 1
87 442 2 0 1 2
88 400 2 0 1 2
89 393 2 0 1 2
90 246 2 0 1 2
91 472 2 0 1 2
92 378 2 0 0 1
93 107 2 0 1 2
94 48 2 0 0 1
95 82 2 0 0 2
96 158 2 0 0 1
97 344 2 0 0 2
98 143 2 0 0 1
99 95 2 0 0 1
100 160 2 0 1 2
101 437 2 0 0 1
102 17 2 0 0 2
103 38 2 0 0 1
104 240 2 0 1 2
105 107 2 0 0 2
106 394 2 0 0 2
107 136 2 0 0 2
108 361 2 0 1 2
109 0 2 0 1 2
110 101 2 0 0 1
111 317 2 0 0 2
112 349 2 0 0 2
113 30 2 0 0 1
114 320 2 0 0 2
115 424 2 0 0 2
116 257 2 0 0 2
117 198 2 0 0 2
118 327 2 0 0 1
119 36 2 0 0 2
120 126 2 0 0 1
121 38 2 0 0 2
122 51 2 0 1 2
123 433 2 0 1 2
124 2 2 0 0 2
125 299 2 0 0 2
126 262 2 0 0 2
127 192 2 0 0 2
128 388 2 0 1 2
129 108 2 0 0 2
130 15 2 0 0 1
131 331 2 0 0 2
132 254 2 0 0 2
133 365 2 0 1 2
134 118 2 0 0 2
135 488 2 0 1 2
136 13 2 0 0 2
137 209 2 0 1 2
138 201 2 0 0 1
139 377 2 0 0 2
140 342 2 0 1 2
141 61 2 0 1 2
142 302 2 0 0 1
143 241 2 0 0 1
144 134 2 0 0 2
145 213 2 0 1 2
146 214 2 0 0 2
147 100 2 0 1 2
148 261 2 0 0 1
149 138 2 0 0 2
150 11 2 0 1 2
151 63 2 0 1 2
152 499 2 0 1 2
153 116 2 0 0 1
154 495 2 0 0 2
155 236 2 0 0 1
156 407 2 0 0 1
157 117 2 0 0 2
158 350 2 0 1 2
159 297 2 0 0 1
160 170 2 0 1 2
161 329 2 0 0 2
162 85 2 0 0 1
163 313 2 0 1 2
164 485 2 0 0 2
165 322 2 0 0 1
166 224 2 0 1 2
167 179 2 0 0 1
168 205 2 0 1 2
169 0 2 0 0 1
170 306 2 0 0 1
171 199 2 0 0 1
172 338 2 0 0 2
173 256 2 0 0 1
174 231 2 0 1 2
175 20 2 0 0 1
176 290 2 0 1 2
177 65 2 0 1 2
178 68 2 0 0 1
179 173 2 0 1 2
180 98 2 0 1 2
181 205 2 0 0 1
182 42 2 0 0 1
183 332 2 0 0 1
184 332 2 0 1 2
185 129 2 0 0 2
186 356 2 0 0 2
187 327 2 0 1 2
188 1 2 0 0 2
189 301 2 0 0 1
190 168 2 0 1 2
191 231 2 0 0 2
192 354 2 0 0 2
193 476 2 0 1 2
194 67 2 0 0 2
195 14 2 0 0 2
196 414 2 0 0 2
197 464 2 0 1 2
198 411 2 0 0 1
199 455 2 0 0 2
200 480 2 0 0 1
201 40 2 0 0 1
202 334 2 0 0 1
203 381 2 0 0 2
204 316 2 0 1 2
205 266 2 0 1 2
206 165 2 0 0 2
207 467 2 0 0 1
208 410 2 0 0 2
209 475 2 0 0 1
210 469 2 0 1 2
211 346 2 0 0 2
212 368 2 0 0 2
213 269 2 0 0 2
214 221 2 0 0 2
215 139 2 0 0 1
216 312 2 0 1 2
217 5 2 0 0 2
218 191 2 0 0 2
219 336 2 0 1 2
220 453 2 0 0 2
221 246 2 0 0 2
222 18 2 0 0 1
223 432 2 0 1 2
224 345 2 0 1 2
225 109 2 0 1 2
226 284 2 0 1 2
227 298 2 0 0 1
228 140 2 0 0 2
229 142 2 0 1 2
230 457 2 0 1 2
231 303 2 0 1 2
232 34 2 0 1 2
233 357 2 0 0 2
234 74 2 0 0 2
235 397 2 0 0 1
236 351 2 0 1 2
237 112 2 0 1 2
238 33 2 0 1 2
239 116 2 0 0 2
240 159 2 0 1 2
241 482 2 0 1 2
242 131 2 0 1 2
243 99 2 0 0 2
244 363 2 0 1 2
245 56 2 0 0 2
246 115 2 0 1 2
247 77 2 0 0 2
248 300 2 0 0 2
249 333 2 0 0 2
250 318 2 0 1 2
251 474 2 0 1 2
252 72 2 0 1 2
253 420 2 0 0 2
254 292 2 0 0 1
255 479 2 0 0 2
256 54 2 0 0 2
257 221 2 0 1 2
258 372 2 0 0 1
259 371 2 0 0 2
260 253 2 0 0 2
261 23 2 0 0 1
262 418 2 0 0 2
263 234 2 0 0 1
264 145 2 0 0 1
265 131 2 0 0 1
266 151 2 0 1 2
267 263 2 0 0 1
268 244 2 0 1 2
269 463 2 0 0 2
270 287 2 0 0 1
271 294 2 0 0 1
272 58 2 0 0 2
273 356 2 0 0 1
274 422 2 0 1 2
275 8 2 0 1 2
276 232 2 0 0 1
277 100 2 0 0 2
278 377 2 0 0 1
279 145 2 0 1 2
280 211 2 0 0 1
281 449 2 0 1 2
282 366 2 0 1 2
283 229 2 0 0 1
284 180 2 0 1 2
285 242 2 0 0 1
286 325 2 0 1 2
287 274 2 0 1 2
288 187 2 0 0 1
289 394 2 0 0 1
290 364 2 0 0 2
291 71 2 0 0 1
292 129 2 0 0 1
293 146 2 0 1 2
294 32 2 0 0 2
295 461 2 0 1 2
296 486 2 0 0 2
297 465 2 0 0 2
298 158 2 0 0 2
299 71 2 0 1 2
300 134 2 0 0 1
301 144 2 0 1 2
302 102 2 0 1 2
303 316 2 0 0 1
304 477 2 0 0 1
305 427 2 0 0 2
306 367 2 0 0 2
307 249 2 0 1 2
308 61 2 0 0 1
309 36 2 0 0 1
310 395 2 0 0 1
311 9 2 0 0 2
312 382 2 0 0 1
313 487 2 0 0 2
314 441 2 0 0 2
315 444 2 0 0 1
316 152 2 0 1 2
317 489 2 0 1 2
318 285 2 0 0 1
319 46 2 0 0 2
320 229 2 0 0 2
321 182 2 0 0 1
322 175 2 0 1 2
323 178 2 0 1 2
324 218 2 0 0 1
325 148 2 0 0 2
326 487 2 0 1 2
327 89 2 0 1 2
328 155 2 0 0 2
329 318 2 0 0 2
330 24 2 0 0 2
331 160 2 0 0 1
332 22 2 0 0 1
333 398 2 0 0 2
334 153 2 0 0 2
335 53 2 0 0 1
336 223 2 0 1 2
337 128 2 0 0 2
338 326 2 0 0 1
339 226 2 0 0 2
340 460 2 0 1 2
341 227 2 0 0 1
342 484 2 0 0 2
343 53 2 0 1 2
344 280 2 0 1 2
345 341 2 0 0 1
346 185 2 0 1 2
347 91 2 0 0 1
348 56 2 0 1 2
349 141 2 0 1 2
350 287 2 0 0 2
351 242 2 0 0 2
352 256 2 0 1 2
353 389 2 0 1 2
354 353 2 0 0 2
355 323 2 0 0 2
356 260 2 0 1 2
357 78 2 0 1 2
358 385 2 0 1 2
359 177 2 0 0 1
360 161 2 0 1 2
361 485 2 0 0 1
362 110 2 0 0 1
363 295 2 0 0 1
364 329 2 0 0 1
365 407 2 0 1 2
366 471 2 0 0 2
367 363 2 0 0 1
368 437 2 0 0 2
369 233 2 0 0 1
370 450 2 0 0 1
371 471 2 0 1 2
372 419 2 0 0 1
373 8 2 0 0 1
374 241 2 0 0 2
375 97 2 0 1 2
376 351 2 0 0 1
377 66 2 0 0 1
378 87 2 0 0 2
379 103 2 0 1 2
380 283 2 0 1 2
381 243 2 0 0 2
382 410 2 0 0 1
383 364 2 0 0 1
384 92 2 0 0 1
385 87 2 0 0 1
386 408 2 0 0 2
387 266 2 0 0 1
388 154 2 0 1 2
389 399 2 0 0 1
390 175 2 0 0 2
391 446 2 0 0 1
392 275 2 0 0 2
393 498 2 0 1 2
394 122 2 0 1 2
395 429 2 0 0 1
396 267 2 0 0 1
397 265 2 0 0 1
398 324 2 0 1 2
399 21 2 0 0 2
400 105 2 0 0 2
401 86 2 0 0 1
402 124 2 0 0 1
403 378 2 0 0 2
404 427 2 0 0 1
405 32 2 0 1 2
406 121 2 0 1 2
407 423 2 0 0 2
408 368 2 0 1 2
409 498 2 0 0 2
410 118 2 0 1 2
411 312 2 0 0 1
412 308 2 0 1 2
413 259 2 0 1 2
414 405 2 0 1 2
415 49 2 0 1 2
416 447 2 0 1 2
417 392 2 0 0 1
418 137 2 0 0 1
419 193 2 0 1 2
420 419 2 0 1 2
421 251 2 0 0 2
422 28 2 0 0 1
423 156 2 0 1 2
424 130 2 0 1 2
425 389 2 0 0 1
426 72 2 0 0 1
427 250 2 0 0 1
428 21 2 0 1 2
429 324 2 0 0 1
430 31 2 0 0 1
431 494 2 0 1 2
432 113 2 0 1 2
433 13 2 0 0 1
434 29 2 0 1 2
435 426 2 0 1 2
436 218 2 0 1 2
437 19 2 0 0 2
438 360 2 0 0 2
439 45 2 0 1 2
440 165 2 0 1 2
441 343 2 0 0 1
442 46 2 0 1 2
443 200 2 0 1 2
444 247 2 0 0 2
445 362 2 0 0 1
446 208 2 0 0 1
447 490 2 0 0 1
448 6 2 0 1 2
449 476 2 0 0 1
450 319 2 0 0 1
451 267 2 0 0 2
452 268 2 0 0 1
453 234 2 0 1 2
454 414 2 0 1 2
455 136 2 0 1 2
456 354 2 0 0 1
457 288 2 0 0 1
458 379 2 0 1 2
459 245 2 0 0 2
460 149 2 0 0 1
461 215 2 0 1 2
462 31 2 0 1 2
463 108 2 0 1 2
464 385 2 0 0 1
465 355 2 0 0 2
466 479 2 0 0 1
467 396 2 0 1 2
468 361 2 0 0 2
469 225 2 0 0 1
470 210 2 0 0 2
471 334 2 0 0 2
472 258 2 0 1 2
473 448 2 0 1 2
474 14 2 0 0 1
475 163 2 0 0 2
476 25 2 0 0 2
477 293 2 0 1 2
478 386 2 0 0 1
479 95 2 0 1 2
480 84 2 0 1 2
481 304 2 0 1 2
482 482 2 0 0 2
483 167 2 0 0 1
484 445 2 0 1 2
485 239 2 0 1 2
486 481 2 0 1 2
487 147 2 0 0 2
488 223 2 0 0 2
489 86 2 0 1 2
490 337 2 0 0 1
491 29 2 0 0 1
492 319 2 0 0 2
493 35 2 0 0 1
494 62 2 0 1 2
495 83 2 0 0 2
496 3 2 0 1 2
497 272 2 0 0 1
498 353 2 0 1 2
499 207 2 0 1 2
500 305 2 0 1 2
501 91 2 0 0 2
502 16 2 0 0 2
503 450 2 0 1 2
504 179 2 0 1 2
505 495 2 0 0 1
506 9 2 0 1 2
507 57 2 0 0 1
508 196 2 0 0 1
509 291 2 0 1 2
510 125 2 0 0 2
511 204 2 0 1 2
512 403 2 0 1 2
513 240 2 0 0 1
514 357 2 0 1 2
515 228 2 0 0 1
516 413 2 0 1 2
517 367 2 0 0 1
518 282 2 0 0 1
519 344 2 0 0 1
520 335 2 0 0 2
521 349 2 0 1 2
522 225 2 0 0 2
523 352 2 0 0 1
524 446 2 0 1 2
525 398 2 0 1 2
526 281 2 0 0 2
527 45 2 0 0 2
528 104 2 0 0 1
529 261 2 0 0 2
530 300 2 0 0 1
531 470 2 0 0 1
532 384 2 0 0 2
533 102 2 0 0 2
534 48 2 0 1 2
535 420 2 0 0 1
536 280 2 0 0 1
537 130 2 0 0 2
538 219 2 0 1 2
539 430 2 0 1 2
540 113 2 0 0 1
541 347 2 0 0 2
542 443 2 0 0 1
543 279 2 0 0 2
544 139 2 0 1 2
545 220 2 0 0 1
546 30 2 0 1 2
547 277 2 0 0 2
548 404 2 0 0 2
549 310 2 0 0 1
550 217 2 0 0 2
551 26 2 0 0 1
552 303 2 0 0 2
553 188 2 0 1 2
554 183 2 0 1 2
555 442 2 0 0 1
556 422 2 0 0 2
557 112 2 0 0 2
558 23 2 0 0 2
559 27 2 0 0 2
560 483 2 0 1 2
561 200 2 0 0 2
562 375 2 0 0 2
563 67 2 0 1 2
564 313 2 0 0 2
565 172 2 0 1 2
566 374 2 0 0 1
567 278 2 0 1 2
568 3 2 0 0 2
569 105 2 0 0 1
570 125 2 0 1 2
571 330 2 0 0 1
572 70 2 0 0 1
573 121 2 0 0 1
574 94 2 0 0 1
575 7 2 0 0 2
576 270 2 0 1 2
577 248 2 0 0 2
578 214 2 0 0 1
579 488 2 0 0 1
580 406 2 0 0 2
581 147 2 0 1 2
582 333 2 0 0 1
583 184 2 0 0 1
584 146 2 0 0 2
585 281 2 0 0 1
586 185 2 0 0 2
587 258 2 0 0 2
588 362 2 0 1 2
589 210 2 0 0 1
590 342 2 0 0 1
591 173 2 0 0 2
592 388 2 0 0 1
593 126 2 0 1 2
594 236 2 0 1 2
595 208 2 0 0 2
596 464 2 0 0 2
597 432 2 0 0 2
598 284 2 0 0 1
599 41 2 0 0 2
600 492 2 0 0 2
601 191 2 0 1 2
602 99 2 0 1 2
603 483 2 0 0 2
604 289 2 0 1 2
605 402 2 0 1 2
606 33 2 0 0 2
607 40 2 0 1 2
608 192 2 0 0 1
609 296 2 0 1 2
610 295 2 0 0 2
611 181 2 0 1 2
612 380 2 0 0 2
613 321 2 0 1 2
614 310 2 0 1 2
615 206 2 0 0 2
616 189 2 0 0 1
617 132 2 0 0 2
618 314 2 0 0 1
619 39 2 0 0 1
620 339 2 0 0 1
621 405 2 0 0 1
622 383 2 0 0 2
623 88 2 0 0 1
624 122 2 0 0 2
625 209 2 0 0 2
626 404 2 0 1 2
627 469 2 0 0 2
628 470 2 0 1 2
629 251 2 0 1 2
630 365 2 0 0 2
631 315 2 0 1 2
632 328 2 0 1 2
633 452 2 0 0 2
634 274 2 0 0 2
635 271 2 0 1 2
636 52 2 0 0 1
637 106 2 0 1 2
638 348 2 0 0 2
639 421 2 0 0 2
640 454 2 0 1 2
641 455 2 0 1 2
642 41 2 0 1 2
643 429 2 0 0 2
644 222 2 0 0 1
645 285 2 0 1 2
646 75 2 0 0 2
647 435 2 0 0 2
648 58 2 0 1 2
649 439 2 0 1 2
650 264 2 0 0 1
651 348 2 0 1 2
652 277 2 0 1 2
653 478 2 0 1 2
654 436 2 0 1 2
655 93 2 0 0 2
656 269 2 0 0 1
657 254 2 0 0 1
658 293 2 0 0 2
659 149 2 0 0 2
660 181 2 0 0 2
661 195 2 0 0 1
662 195 2 0 0 2
663 159 2 0 0 1
664 273 2 0 1 2
665 395 2 0 1 2
666 202 2 0 1 2
667 379 2 0 0 2
668 64 2 0 1 2
669 490 2 0 0 2
670 286 2 0 0 1
671 454 2 0 0 1
672 474 2 0 0 1
673 79 2 0 1 2
674 253 2 0 1 2
675 124 2 0 1 2
676 462 2 0 0 1
677 49 2 0 0 2
678 188 2 0 0 1
679 155 2 0 0 1
680 340 2 0 0 2
681 460 2 0 0 2
682 272 2 0 1 2
683 75 2 0 0 1
684 44 2 0 1 2
685 423 2 0 1 2
686 153 2 0 0 1
687 372 2 0 0 2
688 311 2 0 0 2
689 440 2 0 0 1
690 466 2 0 0 1
691 486 2 0 1 2
692 489 2 0 0 2
693 104 2 0 0 2
694 42 2 0 0 2
695 415 2 0 0 1
696 497 2 0 0 2
697 417 2 0 0 2
698 213 2 0 0 1
699 78 2 0 0 1
700 73 2 0 1 2
701 106 2 0 0 2
702 197 2 0 0 1
703 358 2 0 0 1
704 109 2 0 0 2
705 478 2 0 0 1
706 373 2 0 0 2
707 197 2 0 0 2
708 386 2 0 1 2
709 473 2 0 1 2
710 245 2 0 0 1
711 148 2 0 1 2
712 243 2 0 0 1
713 1 2 0 0 1
714 314 2 0 1 2
715 307 2 0 0 1
716 128 2 0 0 1
717 387 2 0 1 2
718 163 2 0 1 2
719 383 2 0 0 1
720 44 2 0 0 2
721 434 2 0 1 2
722 10 2 0 0 2
723 472 2 0 0 2
724 336 2 0 0 2
725 337 2 0 0 2
726 27 2 0 0 1
727 320 2 0 0 1
728 133 2 0 0 1
729 305 2 0 0 2
730 63 2 0 0 1
731 162 2 0 0 2
732 247 2 0 1 2
733 96 2 0 1 2
734 387 2 0 0 2
735 174 2 0 0 2
736 428 2 0 1 2
737 230 2 0 1 2
738 16 2 0 0 1
739 76 2 0 0 1
740 127 2 0 1 2
741 438 2 0 1 2
742 370 2 0 1 2
743 369 2 0 1 2
744 496 2 0 0 2
745 85 2 0 1 2
746 230 2 0 0 1
747 12 2 0 0 1
748 196 2 0 0 2
749 82 2 0 0 1
750 449 2 0 0 2
751 339 2 0 1 2
752 34 2 0 0 1
753 157 2 0 0 1
754 358 2 0 1 2
755 110 2 0 1 2
756 347 2 0 1 2
757 456 2 0 0 2
758 232 2 0 0 2
759 328 2 0 0 2
760 424 2 0 1 2
761 416 2 0 0 1
762 396 2 0 0 2
763 458 2 0 0 1
764 374 2 0 0 2
765 381 2 0 1 2
766 275 2 0 0 1
767 70 2 0 1 2
768 271 2 0 0 2
769 25 2 0 0 1
770 492 2 0 0 1
771 111 2 0 0 1
772 330 2 0 1 2
773 233 2 0 1 2
774 10 2 0 1 2
775 461 2 0 0 1
776 443 2 0 0 2
777 189 2 0 0 2
778 466 2 0 1 2
779 401 2 0 1 2
780 411 2 0 1 2
781 84 2 0 0 2
782 456 2 0 0 1
783 55 2 0 1 2
784 74 2 0 0 1
785 462 2 0 0 2
786 133 2 0 0 2
787 211 2 0 1 2
788 397 2 0 0 2
789 60 2 0 0 2
790 302 2 0 0 2
791 135 2 0 0 1
792 491 2 0 1 2
793 50 2 0 1 2
794 203 2 0 1 2
795 11 2 0 0 2
796 156 2 0 0 2
797 15 2 0 0 2
798 282 2 0 1 2
799 255 2 0 0 1
800 24 2 0 0 1
801 157 2 0 1 2
802 162 2 0 0 1
803 459 2 0 0 2
804 463 2 0 0 1
805 43 2 0 0 1
806 166 2 0 0 2
807 20 2 0 1 2
808 265 2 0 1 2
809 346 2 0 0 1
810 43 2 0 0 2
811 301 2 0 1 2
812 475 2 0 1 2
813 207 2 0 0 2
814 268 2 0 1 2
815 28 2 0 1 2
816 440 2 0 0 2
817 178 2 0 0 2
818 120 2 0 0 1
819 143 2 0 1 2
820 309 2 0 0 2
821 235 2 0 0 2
822 292 2 0 1 2
823 97 2 0 0 2
824 477 2 0 1 2
825 451 2 0 0 1
826 415 2 0 0 2
827 326 2 0 1 2
828 298 2 0 1 2
829 425 2 0 0 2
830 438 2 0 0 1
831 403 2 0 0 1
832 22 2 0 0 2
833 276 2 0 0 2
834 263 2 0 1 2
835 341 2 0 1 2
836 226 2 0 0 1
837 493 2 0 0 1
838 260 2 0 0 1
839 193 2 0 0 1
840 142 2 0 0 2
841 270 2 0 0 1
842 64 2 0 0 1
843 431 2 0 0 1
844 345 2 0 0 1
845 4 2 0 0 2
846 276 2 0 0 1
847 52 2 0 0 2
848 244 2 0 0 2
849 164 2 0 0 1
850 307 2 0 0 2
851 430 2 0 0 1
852 373 2 0 0 1
853 180 2 0 0 2
854 96 2 0 0 1
855 80 2 0 0 1
856 355 2 0 1 2
857 350 2 0 0 2
858 140 2 0 0 1
859 39 2 0 1 2
860 465 2 0 1 2
861 278 2 0 0 1
862 439 2 0 0 1
863 252 2 0 1 2
864 90 2 0 0 2
865 435 2 0 1 2
866 4 2 0 1 2
867 73 2 0 0 2
868 202 2 0 0 1
869 59 2 0 0 1
870 17 2 0 1 2
871 286 2 0 0 2
872 288 2 0 1 2
873 445 2 0 0 1
874 484 2 0 0 1
875 340 2 0 1 2
876 433 2 0 0 1
877 37 2 0 0 1
878 204 2 0 0 1
879 60 2 0 0 1
880 401 2 0 0 1
881 390 2 0 1 2
882 248 2 0 1 2
883 352 2 0 0 2
884 375 2 0 1 2
885 103 2 0 0 1
886 152 2 0 0 1
887 151 2 0 0 2
888 90 2 0 0 1
889 289 2 0 0 1
890 65 2 0 0 2
891 359 2 0 1 2
892 224 2 0 0 2
893 257 2 0 0 1
894 7 2 0 0 1
895 141 2 0 0 1
896 335 2 0 0 1
897 123 2 0 0 1
898 238 2 0 0 2
899 392 2 0 0 2
900 114 2 0 0 1
901 238 2 0 1 2
902 227 2 0 1 2
903 68 2 0 1 2
904 88 2 0 0 2
905 169 2 0 1 2
906 132 2 0 1 2
907 323 2 0 1 2
908 371 2 0 0 1
909 117 2 0 1 2
910 206 2 0 1 2
911 51 2 0 0 2
912 83 2 0 0 1
913 114 2 0 1 2
914 391 2 0 1 2
915 81 2 0 0 1
916 370 2 0 0 2
917 168 2 0 0 2
918 161 2 0 0 1
919 199 2 0 0 2
920 434 2 0 0 1
921 59 2 0 0 2
922 496 2 0 1 2
923 115 2 0 0 1
924 384 2 0 0 1
925 417 2 0 0 1
926 279 2 0 1 2
927 93 2 0 0 1
928 239 2 0 0 1
929 399 2 0 0 2
930 228 2 0 0 2
931 309 2 0 0 1
932 402 2 0 0 2
933 182 2 0 0 2
934 444 2 0 1 2
935 94 2 0 1 2
936 448 2 0 0 1
937 55 2 0 0 2
938 37 2 0 0 2
939 311 2 0 1 2
940 19 2 0 1 2
941 177 2 0 0 2
942 249 2 0 0 1
943 217 2 0 0 1
944 216 2 0 1 2
945 220 2 0 1 2
946 413 2 0 0 1
947 166 2 0 1 2
948 412 2 0 0 2
949 453 2 0 1 2
950 468 2 0 0 1
951 194 2 0 0 1
952 150 2 0 1 2
953 428 2 0 0 2
954 331 2 0 0 1
955 321 2 0 0 2
956 376 2 0 0 2
957 457 2 0 0 2
958 57 2 0 0 2
959 5 2 0 1 2
960 497 2 0 0 1
961 390 2 0 0 1
962 201 2 0 0 2
963 322 2 0 0 2
964 416 2 0 1 2
965 135 2 0 1 2
966 89 2 0 0 1
967 252 2 0 0 2
968 262 2 0 0 1
969 212 2 0 1 2
970 222 2 0 1 2
971 391 2 0 0 1
972 480 2 0 1 2
973 2 2 0 0 1
974 6 2 0 0 1
975 169 2 0 0 1
976 186 2 0 0 2
977 35 2 0 0 2
978 69 2 0 1 2
979 360 2 0 0 1
980 183 2 0 0 1
981 120 2 0 0 2
982 18 2 0 1 2
983 418 2 0 0 1
984 174 2 0 0 1
985 447 2 0 0 1
986 409 2 0 0 1
987 190 2 0 1 2
988 194 2 0 0 2
989 119 2 0 1 2
990 359 2 0 0 1
991 123 2 0 0 2
992 47 2 0 0 2
993 144 2 0 0 1
994 47 2 0 1 2
995 184 2 0 1 2
996 12 2 0 1 2
997 250 2 0 0 2
998 299 2 0 1 2
999 119 2 0 0 1
