=== Storages ===
0 245117566425.0 204.0 1917.0 127.0 4412.0
1 194168365167.0 156.0 7213.0 256.0 3216.0
2 275924719158.0 150.0 5967.0 123.0 6687.0
=== Objects ===
0 10649561628.0 9.0 100.0 5.0 10.0 0 2
1 10935214723.0 10.0 98.0 4.0 10.0 0 1
2 10776067888.0 10.0 98.0 5.0 10.0 1 2
3 10530559435.0 9.0 99.0 5.0 10.0 0 2
4 10794996513.0 10.0 99.0 5.0 10.0 0 1
5 10724765001.0 9.0 101.0 4.0 10.0 0 1
6 10639364503.0 9.0 101.0 4.0 10.0 0 2
7 10797478030.0 10.0 99.0 4.0 9.0 0 2
8 10666619683.0 9.0 99.0 5.0 9.0 0 1
9 10623187858.0 9.0 100.0 4.0 9.0 0 2
10 10605129557.0 9.0 101.0 4.0 10.0 0 1
11 10828875393.0 10.0 100.0 5.0 9.0 0 2
12 10809693050.0 9.0 99.0 4.0 9.0 0 2
13 10519803601.0 9.0 99.0 5.0 10.0 0 2
14 10738129290.0 10.0 99.0 5.0 10.0 0 2
15 10563160858.0 9.0 99.0 4.0 9.0 0 2
16 10536532772.0 10.0 101.0 4.0 9.0 0 1
17 10878613135.0 9.0 99.0 4.0 10.0 0 2
18 10755411711.0 10.0 100.0 5.0 10.0 0 2
19 10814958136.0 10.0 100.0 5.0 9.0 1 2
=== Proposals ===
0 9 2 0 0 1
1 1 2 0 1 2
2 10 2 0 1 2
3 17 2 0 0 1
4 18 2 0 1 2
5 1 2 0 0 2
6 17 2 0 1 2
7 7 2 0 0 1
8 18 2 0 0 1
9 2 2 0 0 2
10 19 2 0 0 2
11 14 2 0 0 1
12 6 2 0 1 2
13 3 2 0 0 1
14 13 2 0 0 1
15 13 2 0 1 2
16 3 2 0 1 2
17 16 2 0 0 2
18 15 2 0 0 1
19 19 2 0 0 1
20 0 2 0 1 2
21 5 2 0 0 2
22 12 2 0 1 2
23 5 2 0 1 2
24 4 2 0 0 2
25 2 2 0 0 1
26 8 2 0 1 2
27 10 2 0 0 2
28 0 2 0 0 1
29 11 2 0 0 1
30 9 2 0 1 2
31 12 2 0 0 1
32 15 2 0 1 2
33 11 2 0 1 2
34 4 2 0 1 2
35 8 2 0 0 2
36 16 2 0 1 2
37 6 2 0 0 1
38 7 2 0 1 2
39 14 2 0 1 2
