=== Storages ===
0 604512692515.4 994467055.2 76340.0 3379752293.8 45956.0
1 1086655183317.4 1234588950.2 94353.0 1422929899.8 21265.0
2 1935713360950.4 344989063.20000005 109149.0 1378055524.8 28631.0
3 1532520471239.4 928268205.2 68891.0 1097924798.8 32050.0
4 2383781246456.4 1317437364.2 80350.0 275516475.8 35971.0
5 1728374941368.4 2784457170.2 143466.0 916566209.8 27586.0
6 3145731687827.4 3034129468.2 29291.0 1748494117.8 22913.0
7 4260507679272.4 822290356.2 28432.0 1809716562.8 60207.0
8 3117551755123.4 1020728193.2 36885.0 295050654.8 46764.0
9 4397011841363.4 2391487614.2 15099.0 1958540996.8 50727.0
10 3145706381509.2 1048576000.0 640.0 838860800.0 640.0
=== Objects ===
0 131741846.1824 0.0001 0.001 5e-05 0.0001 8 10
1 78580171.1824 0.0001 1.001 5e-05 0.0001 0 2
2 46010101.1824 0.0001 0.001 5e-05 0.0001 1 4
3 58620821.1824 0.0001 0.001 5e-05 0.0001 0 4
4 90477219.1824 0.0001 0.001 5e-05 0.0001 0 10
5 59078809.1824 0.0001 1.001 5e-05 0.0001 3 9
6 197028958.1824 0.0001 1.001 5e-05 0.0001 6 5
7 255093906.1824 0.0001 0.001 5e-05 0.0001 2 3
8 96250038.1824 0.0001 0.001 5e-05 0.0001 0 6
9 205733551.1824 0.0001 0.001 5e-05 0.0001 6 3
10 179802911.1824 0.0001 0.001 5e-05 0.0001 9 4
11 80600950.1824 0.0001 0.001 5e-05 0.0001 5 6
12 38612508.1824 0.0001 2.001 5e-05 0.0001 10 9
13 72762787.1824 0.0001 0.001 5e-05 0.0001 0 6
14 12203079.1824 0.0001 0.001 5e-05 0.0001 6 4
15 149948205.1824 0.0001 0.001 5e-05 0.0001 8 4
16 115508464.1824 0.0001 0.001 5e-05 0.0001 4 8
17 79761382.1824 0.0001 0.001 5e-05 0.0001 4 1
18 61512105.1824 0.0001 1.001 5e-05 0.0001 9 2
19 28475735.1824 0.0001 1.001 5e-05 0.0001 7 4
20 203213825.1824 0.0001 0.001 5e-05 0.0001 6 7
21 60624629.1824 0.0001 0.001 5e-05 0.0001 2 5
22 171000428.1824 0.0001 1.001 5e-05 0.0001 1 2
23 101078709.1824 0.0001 1.001 5e-05 0.0001 1 2
24 23626061.1824 0.0001 0.001 5e-05 0.0001 2 3
25 14066056.1824 0.0001 1.001 5e-05 0.0001 1 3
26 50441400.1824 0.0001 0.001 5e-05 0.0001 7 5
27 59681731.1824 0.0001 0.001 5e-05 0.0001 4 10
28 42120062.1824 0.0001 1.001 5e-05 0.0001 6 8
29 110609111.1824 0.0001 1.001 5e-05 0.0001 8 2
30 91709035.1824 0.0001 0.001 5e-05 0.0001 5 1
31 139044916.1824 0.0001 0.001 5e-05 0.0001 10 9
32 2264111.1824 0.0001 1.001 5e-05 0.0001 2 0
33 18918380.1824 0.0001 0.001 5e-05 0.0001 3 4
34 130904257.1824 0.0001 0.001 5e-05 0.0001 4 8
35 292357743.1824 0.0001 0.001 5e-05 0.0001 4 5
36 18856091.1824 0.0001 0.001 5e-05 0.0001 5 10
37 62171126.1824 0.0001 0.001 5e-05 0.0001 9 3
38 66956234.1824 0.0001 0.001 5e-05 0.0001 9 5
39 16732171.1824 0.0001 1.001 5e-05 0.0001 7 10
40 21211459.1824 0.0001 1.001 5e-05 0.0001 6 2
41 54875139.1824 0.0001 2.001 5e-05 0.0001 3 9
42 157231110.1824 0.0001 0.001 5e-05 0.0001 5 10
43 80963980.1824 0.0001 0.001 5e-05 0.0001 6 1
44 110027172.1824 0.0001 0.001 5e-05 0.0001 7 10
45 137352221.1824 0.0001 1.001 5e-05 0.0001 6 4
46 20690338.1824 0.0001 1.001 5e-05 0.0001 2 5
47 66509299.1824 0.0001 0.001 5e-05 0.0001 1 2
48 70657719.1824 0.0001 0.001 5e-05 0.0001 8 5
49 132982437.1824 0.0001 0.001 5e-05 0.0001 2 8
50 26162652.1824 0.0001 0.001 5e-05 0.0001 6 0
51 50061881.1824 0.0001 0.001 5e-05 0.0001 4 0
52 148047424.1824 0.0001 0.001 5e-05 0.0001 10 8
53 188135782.1824 0.0001 1.001 5e-05 0.0001 4 2
54 29414186.1824 0.0001 0.001 5e-05 0.0001 9 3
55 194399886.1824 0.0001 0.001 5e-05 0.0001 8 6
56 70016806.1824 0.0001 0.001 5e-05 0.0001 10 3
57 56312244.1824 0.0001 0.001 5e-05 0.0001 0 10
58 229803520.1824 0.0001 0.001 5e-05 0.0001 10 3
59 88952632.1824 0.0001 1.001 5e-05 0.0001 10 4
60 945413.1824 0.0001 1.001 5e-05 0.0001 1 4
61 188228918.1824 0.0001 1.001 5e-05 0.0001 9 7
62 366375.1824 0.0001 0.001 5e-05 0.0001 2 8
63 71909745.1824 0.0001 1.001 5e-05 0.0001 9 7
64 57184096.1824 0.0001 1.001 5e-05 0.0001 8 5
65 26142841.1824 0.0001 0.001 5e-05 0.0001 2 10
66 118468949.1824 0.0001 1.001 5e-05 0.0001 10 7
67 40772029.1824 0.0001 1.001 5e-05 0.0001 5 9
68 80294637.1824 0.0001 0.001 5e-05 0.0001 7 9
69 174982811.1824 0.0001 1.001 5e-05 0.0001 3 8
70 55271132.1824 0.0001 0.001 5e-05 0.0001 3 6
71 26304362.1824 0.0001 1.001 5e-05 0.0001 9 8
72 54905678.1824 0.0001 0.001 5e-05 0.0001 3 8
73 25732351.1824 0.0001 1.001 5e-05 0.0001 5 4
74 67626902.1824 0.0001 1.001 5e-05 0.0001 9 1
75 130262707.1824 0.0001 0.001 5e-05 0.0001 1 10
76 172650364.1824 0.0001 0.001 5e-05 0.0001 6 9
77 119804732.1824 0.0001 1.001 5e-05 0.0001 8 1
78 23764408.1824 0.0001 0.001 5e-05 0.0001 0 4
79 64086700.1824 0.0001 0.001 5e-05 0.0001 4 6
80 103665933.1824 0.0001 0.001 5e-05 0.0001 7 3
81 3333199.1824 0.0001 0.001 5e-05 0.0001 0 4
82 60020995.1824 0.0001 0.001 5e-05 0.0001 3 9
83 167332988.1824 0.0001 0.001 5e-05 0.0001 9 0
84 46470671.1824 0.0001 0.001 5e-05 0.0001 1 8
85 49189922.1824 0.0001 0.001 5e-05 0.0001 9 5
86 65524036.1824 0.0001 0.001 5e-05 0.0001 0 10
87 259416145.1824 0.0001 1.001 5e-05 0.0001 10 6
88 123640888.1824 0.0001 0.001 5e-05 0.0001 3 2
89 29032285.1824 0.0001 1.001 5e-05 0.0001 3 4
90 16488236.1824 0.0001 0.001 5e-05 0.0001 1 0
91 168897468.1824 0.0001 0.001 5e-05 0.0001 4 7
92 142648.1824 0.0001 0.001 5e-05 0.0001 0 9
93 166291486.1824 0.0001 0.001 5e-05 0.0001 7 8
94 87116036.1824 0.0001 1.001 5e-05 0.0001 5 7
95 164256960.1824 0.0001 1.001 5e-05 0.0001 1 5
96 57174564.1824 0.0001 2.001 5e-05 0.0001 7 4
97 46138609.1824 0.0001 1.001 5e-05 0.0001 5 6
98 146579496.1824 0.0001 1.001 5e-05 0.0001 0 1
99 149531761.1824 0.0001 0.001 5e-05 0.0001 10 6
100 31271157.1824 0.0001 0.001 5e-05 0.0001 2 8
101 70193361.1824 0.0001 0.001 5e-05 0.0001 4 6
102 5969159.1824 0.0001 0.001 5e-05 0.0001 4 2
103 36723143.1824 0.0001 0.001 5e-05 0.0001 6 1
104 20436593.1824 0.0001 0.001 5e-05 0.0001 4 0
105 110194563.1824 0.0001 0.001 5e-05 0.0001 0 8
106 143350933.1824 0.0001 0.001 5e-05 0.0001 4 5
107 23353557.1824 0.0001 0.001 5e-05 0.0001 7 0
108 42071886.1824 0.0001 0.001 5e-05 0.0001 2 8
109 191310060.1824 0.0001 1.001 5e-05 0.0001 9 3
110 50420371.1824 0.0001 0.001 5e-05 0.0001 0 3
111 377906699.1824 0.0001 0.001 5e-05 0.0001 1 0
112 53000638.1824 0.0001 1.001 5e-05 0.0001 6 3
113 57028432.1824 0.0001 1.001 5e-05 0.0001 9 6
114 164649062.1824 0.0001 1.001 5e-05 0.0001 9 6
115 202268997.1824 0.0001 1.001 5e-05 0.0001 8 4
116 89753406.1824 0.0001 0.001 5e-05 0.0001 7 6
117 5057800.1824 0.0001 1.001 5e-05 0.0001 7 8
118 237500232.1824 0.0001 3.001 5e-05 0.0001 5 8
119 10547132.1824 0.0001 1.001 5e-05 0.0001 4 3
120 98735845.1824 0.0001 0.001 5e-05 0.0001 0 3
121 21042588.1824 0.0001 1.001 5e-05 0.0001 0 6
122 63510939.1824 0.0001 0.001 5e-05 0.0001 8 5
123 29446775.1824 0.0001 0.001 5e-05 0.0001 1 6
124 67237089.1824 0.0001 0.001 5e-05 0.0001 0 9
125 106893243.1824 0.0001 0.001 5e-05 0.0001 10 4
126 264757378.1824 0.0001 1.001 5e-05 0.0001 4 1
127 138886586.1824 0.0001 0.001 5e-05 0.0001 7 8
128 58724967.1824 0.0001 0.001 5e-05 0.0001 5 2
129 208826352.1824 0.0001 1.001 5e-05 0.0001 3 0
130 12851525.1824 0.0001 0.001 5e-05 0.0001 2 5
131 121379731.1824 0.0001 1.001 5e-05 0.0001 5 10
132 73428851.1824 0.0001 0.001 5e-05 0.0001 4 3
133 127653818.1824 0.0001 0.001 5e-05 0.0001 8 5
134 23060267.1824 0.0001 0.001 5e-05 0.0001 6 10
135 99152916.1824 0.0001 0.001 5e-05 0.0001 1 9
136 55571531.1824 0.0001 0.001 5e-05 0.0001 2 8
137 91568729.1824 0.0001 0.001 5e-05 0.0001 8 3
138 77866625.1824 0.0001 0.001 5e-05 0.0001 9 2
139 72433983.1824 0.0001 1.001 5e-05 0.0001 6 4
140 147452717.1824 0.0001 2.001 5e-05 0.0001 4 7
141 84418308.1824 0.0001 0.001 5e-05 0.0001 5 9
142 87137636.1824 0.0001 2.001 5e-05 0.0001 6 8
143 81682602.1824 0.0001 2.001 5e-05 0.0001 9 2
144 69912126.1824 0.0001 0.001 5e-05 0.0001 10 6
145 159237171.1824 0.0001 1.001 5e-05 0.0001 1 5
146 99758121.1824 0.0001 0.001 5e-05 0.0001 6 5
147 41336682.1824 0.0001 1.001 5e-05 0.0001 1 0
148 4130577.1824 0.0001 0.001 5e-05 0.0001 5 0
149 16245819.1824 0.0001 0.001 5e-05 0.0001 2 5
150 16780555.1824 0.0001 0.001 5e-05 0.0001 2 8
151 154930426.1824 0.0001 0.001 5e-05 0.0001 2 3
152 132194303.1824 0.0001 0.001 5e-05 0.0001 9 10
153 10990340.1824 0.0001 1.001 5e-05 0.0001 7 8
154 37680844.1824 0.0001 1.001 5e-05 0.0001 8 5
155 23167410.1824 0.0001 1.001 5e-05 0.0001 5 1
156 180985255.1824 0.0001 2.001 5e-05 0.0001 4 1
157 41894574.1824 0.0001 0.001 5e-05 0.0001 8 2
158 159126234.1824 0.0001 1.001 5e-05 0.0001 0 3
159 56430992.1824 0.0001 0.001 5e-05 0.0001 7 5
160 8708050.1824 0.0001 0.001 5e-05 0.0001 4 6
161 122106930.1824 0.0001 1.001 5e-05 0.0001 5 9
162 78398388.1824 0.0001 1.001 5e-05 0.0001 5 10
163 129868305.1824 0.0001 2.001 5e-05 0.0001 2 5
164 72230866.1824 0.0001 0.001 5e-05 0.0001 7 4
165 72681897.1824 0.0001 0.001 5e-05 0.0001 7 9
166 195728239.1824 0.0001 1.001 5e-05 0.0001 4 0
167 43846159.1824 0.0001 0.001 5e-05 0.0001 4 10
168 40665519.1824 0.0001 0.001 5e-05 0.0001 4 1
169 27889046.1824 0.0001 0.001 5e-05 0.0001 6 7
170 107408967.1824 0.0001 1.001 5e-05 0.0001 5 0
171 26876910.1824 0.0001 1.001 5e-05 0.0001 1 7
172 115322899.1824 0.0001 1.001 5e-05 0.0001 4 9
173 45486882.1824 0.0001 0.001 5e-05 0.0001 5 2
174 4709502.1824 0.0001 0.001 5e-05 0.0001 3 9
175 35784970.1824 0.0001 0.001 5e-05 0.0001 7 1
176 119425731.1824 0.0001 0.001 5e-05 0.0001 0 7
177 68999844.1824 0.0001 1.001 5e-05 0.0001 0 1
178 107268376.1824 0.0001 0.001 5e-05 0.0001 8 7
179 74909262.1824 0.0001 0.001 5e-05 0.0001 7 2
180 23020432.1824 0.0001 1.001 5e-05 0.0001 8 9
181 71766011.1824 0.0001 1.001 5e-05 0.0001 2 0
182 16134061.1824 0.0001 0.001 5e-05 0.0001 0 6
183 129411440.1824 0.0001 1.001 5e-05 0.0001 5 1
184 21319670.1824 0.0001 0.001 5e-05 0.0001 8 6
185 93628203.1824 0.0001 1.001 5e-05 0.0001 1 5
186 165945479.1824 0.0001 1.001 5e-05 0.0001 8 2
187 97867958.1824 0.0001 0.001 5e-05 0.0001 2 10
188 1420065.1824 0.0001 0.001 5e-05 0.0001 7 3
189 157496404.1824 0.0001 0.001 5e-05 0.0001 1 0
190 20532158.1824 0.0001 0.001 5e-05 0.0001 6 5
191 63838655.1824 0.0001 1.001 5e-05 0.0001 0 9
192 56863807.1824 0.0001 0.001 5e-05 0.0001 7 9
193 58216612.1824 0.0001 1.001 5e-05 0.0001 9 7
194 69633427.1824 0.0001 0.001 5e-05 0.0001 6 9
195 169997856.1824 0.0001 0.001 5e-05 0.0001 6 10
196 42859975.1824 0.0001 0.001 5e-05 0.0001 3 8
197 129184385.1824 0.0001 1.001 5e-05 0.0001 4 2
198 137192432.1824 0.0001 0.001 5e-05 0.0001 7 0
199 46680910.1824 0.0001 1.001 5e-05 0.0001 7 2
200 36911000.1824 0.0001 0.001 5e-05 0.0001 7 6
201 56572843.1824 0.0001 1.001 5e-05 0.0001 2 4
202 57414986.1824 0.0001 1.001 5e-05 0.0001 4 10
203 153492363.1824 0.0001 1.001 5e-05 0.0001 4 10
204 55298026.1824 0.0001 0.001 5e-05 0.0001 9 5
205 32447648.1824 0.0001 0.001 5e-05 0.0001 9 4
206 172008769.1824 0.0001 0.001 5e-05 0.0001 4 2
207 93308255.1824 0.0001 0.001 5e-05 0.0001 3 4
208 115098379.1824 0.0001 0.001 5e-05 0.0001 1 9
209 28481174.1824 0.0001 1.001 5e-05 0.0001 0 10
210 43560257.1824 0.0001 0.001 5e-05 0.0001 7 8
211 47503558.1824 0.0001 0.001 5e-05 0.0001 4 2
212 72672835.1824 0.0001 0.001 5e-05 0.0001 2 6
213 246759.1824 0.0001 0.001 5e-05 0.0001 1 10
214 80046403.1824 0.0001 0.001 5e-05 0.0001 4 2
215 10890558.1824 0.0001 0.001 5e-05 0.0001 10 5
216 116965269.1824 0.0001 2.001 5e-05 0.0001 4 6
217 99247701.1824 0.0001 0.001 5e-05 0.0001 5 3
218 153291955.1824 0.0001 0.001 5e-05 0.0001 8 2
219 115521559.1824 0.0001 1.001 5e-05 0.0001 8 7
220 121623651.1824 0.0001 0.001 5e-05 0.0001 0 1
221 84937836.1824 0.0001 1.001 5e-05 0.0001 3 10
222 9237665.1824 0.0001 0.001 5e-05 0.0001 6 1
223 88123038.1824 0.0001 0.001 5e-05 0.0001 5 10
224 117169473.1824 0.0001 0.001 5e-05 0.0001 6 10
225 74926377.1824 0.0001 0.001 5e-05 0.0001 6 8
226 19802422.1824 0.0001 0.001 5e-05 0.0001 8 1
227 232628963.1824 0.0001 1.001 5e-05 0.0001 0 10
228 59818477.1824 0.0001 0.001 5e-05 0.0001 9 3
229 123525861.1824 0.0001 0.001 5e-05 0.0001 6 9
230 127448817.1824 0.0001 1.001 5e-05 0.0001 6 9
231 113987049.1824 0.0001 0.001 5e-05 0.0001 8 2
232 16116370.1824 0.0001 0.001 5e-05 0.0001 0 4
233 97367109.1824 0.0001 0.001 5e-05 0.0001 9 10
234 159557789.1824 0.0001 1.001 5e-05 0.0001 2 8
235 36205273.1824 0.0001 0.001 5e-05 0.0001 8 2
236 73664502.1824 0.0001 1.001 5e-05 0.0001 8 0
237 58357498.1824 0.0001 0.001 5e-05 0.0001 9 6
238 26155617.1824 0.0001 0.001 5e-05 0.0001 1 6
239 184149088.1824 0.0001 0.001 5e-05 0.0001 1 10
240 85790026.1824 0.0001 0.001 5e-05 0.0001 6 10
241 55694457.1824 0.0001 0.001 5e-05 0.0001 1 9
242 141246956.1824 0.0001 0.001 5e-05 0.0001 4 6
243 57073108.1824 0.0001 1.001 5e-05 0.0001 3 7
244 170388687.1824 0.0001 0.001 5e-05 0.0001 0 2
245 214372417.1824 0.0001 0.001 5e-05 0.0001 8 6
246 44128173.1824 0.0001 0.001 5e-05 0.0001 5 2
247 211584409.1824 0.0001 0.001 5e-05 0.0001 3 2
248 255476701.1824 0.0001 0.001 5e-05 0.0001 2 9
249 79102256.1824 0.0001 0.001 5e-05 0.0001 7 0
250 163816077.1824 0.0001 1.001 5e-05 0.0001 7 2
251 8242639.1824 0.0001 1.001 5e-05 0.0001 6 4
252 84943707.1824 0.0001 1.001 5e-05 0.0001 8 2
253 66214121.1824 0.0001 0.001 5e-05 0.0001 1 5
254 35828954.1824 0.0001 0.001 5e-05 0.0001 2 3
255 100555462.1824 0.0001 0.001 5e-05 0.0001 0 2
256 86430037.1824 0.0001 0.001 5e-05 0.0001 10 4
257 90348259.1824 0.0001 0.001 5e-05 0.0001 2 9
258 58477233.1824 0.0001 0.001 5e-05 0.0001 1 3
259 180709284.1824 0.0001 1.001 5e-05 0.0001 8 9
260 31040675.1824 0.0001 0.001 5e-05 0.0001 7 1
261 75552632.1824 0.0001 0.001 5e-05 0.0001 5 2
262 34080205.1824 0.0001 1.001 5e-05 0.0001 0 3
263 160860212.1824 0.0001 1.001 5e-05 0.0001 0 1
264 106905831.1824 0.0001 0.001 5e-05 0.0001 4 3
265 54476454.1824 0.0001 0.001 5e-05 0.0001 9 3
266 10903384.1824 0.0001 0.001 5e-05 0.0001 8 1
267 66646365.1824 0.0001 0.001 5e-05 0.0001 8 3
268 330279247.1824 0.0001 0.001 5e-05 0.0001 4 5
269 71755786.1824 0.0001 0.001 5e-05 0.0001 9 3
270 66718035.1824 0.0001 0.001 5e-05 0.0001 9 5
271 28732096.1824 0.0001 0.001 5e-05 0.0001 3 10
272 104755181.1824 0.0001 1.001 5e-05 0.0001 5 9
273 3541512.1824 0.0001 0.001 5e-05 0.0001 9 7
274 139720237.1824 0.0001 0.001 5e-05 0.0001 8 5
275 69277804.1824 0.0001 0.001 5e-05 0.0001 1 8
276 36580040.1824 0.0001 0.001 5e-05 0.0001 0 1
277 50292087.1824 0.0001 1.001 5e-05 0.0001 1 6
278 129597652.1824 0.0001 0.001 5e-05 0.0001 3 0
279 86164911.1824 0.0001 2.001 5e-05 0.0001 1 2
280 20753044.1824 0.0001 1.001 5e-05 0.0001 3 2
281 11764935.1824 0.0001 1.001 5e-05 0.0001 9 3
282 21238457.1824 0.0001 2.001 5e-05 0.0001 6 2
283 59098845.1824 0.0001 0.001 5e-05 0.0001 5 6
284 160673240.1824 0.0001 0.001 5e-05 0.0001 0 2
285 108942373.1824 0.0001 0.001 5e-05 0.0001 10 4
286 142778906.1824 0.0001 0.001 5e-05 0.0001 7 9
287 5269996.1824 0.0001 0.001 5e-05 0.0001 3 2
288 20926845.1824 0.0001 1.001 5e-05 0.0001 6 8
289 123035913.1824 0.0001 2.001 5e-05 0.0001 3 4
290 52949234.1824 0.0001 0.001 5e-05 0.0001 8 4
291 8590028.1824 0.0001 0.001 5e-05 0.0001 9 6
292 121757625.1824 0.0001 0.001 5e-05 0.0001 3 1
293 67060418.1824 0.0001 0.001 5e-05 0.0001 6 3
294 40491503.1824 0.0001 0.001 5e-05 0.0001 5 7
295 155323659.1824 0.0001 0.001 5e-05 0.0001 9 0
296 84169149.1824 0.0001 2.001 5e-05 0.0001 9 0
297 16756700.1824 0.0001 0.001 5e-05 0.0001 8 2
298 13206536.1824 0.0001 1.001 5e-05 0.0001 8 3
299 8478470.1824 0.0001 0.001 5e-05 0.0001 1 4
300 55777622.1824 0.0001 1.001 5e-05 0.0001 5 2
301 99873633.1824 0.0001 0.001 5e-05 0.0001 6 0
302 4244630.1824 0.0001 2.001 5e-05 0.0001 5 8
303 25692179.1824 0.0001 0.001 5e-05 0.0001 8 4
304 182446840.1824 0.0001 1.001 5e-05 0.0001 9 10
305 16554023.1824 0.0001 0.001 5e-05 0.0001 7 0
306 219131287.1824 0.0001 0.001 5e-05 0.0001 9 5
307 78358718.1824 0.0001 0.001 5e-05 0.0001 1 5
308 151629756.1824 0.0001 0.001 5e-05 0.0001 3 7
309 52485866.1824 0.0001 0.001 5e-05 0.0001 10 3
310 38638653.1824 0.0001 1.001 5e-05 0.0001 2 9
311 87895608.1824 0.0001 0.001 5e-05 0.0001 6 5
312 54378014.1824 0.0001 0.001 5e-05 0.0001 9 6
313 60251962.1824 0.0001 0.001 5e-05 0.0001 0 10
314 28576880.1824 0.0001 0.001 5e-05 0.0001 2 1
315 69958577.1824 0.0001 1.001 5e-05 0.0001 5 1
316 78853837.1824 0.0001 0.001 5e-05 0.0001 2 9
317 141114684.1824 0.0001 0.001 5e-05 0.0001 5 9
318 63613900.1824 0.0001 0.001 5e-05 0.0001 8 5
319 3513835.1824 0.0001 0.001 5e-05 0.0001 2 8
320 191981343.1824 0.0001 1.001 5e-05 0.0001 6 8
321 80177704.1824 0.0001 1.001 5e-05 0.0001 1 8
322 123966808.1824 0.0001 1.001 5e-05 0.0001 3 10
323 109133811.1824 0.0001 0.001 5e-05 0.0001 1 5
324 8164775.1824 0.0001 2.001 5e-05 0.0001 5 6
325 174795290.1824 0.0001 1.001 5e-05 0.0001 5 1
326 6269662.1824 0.0001 0.001 5e-05 0.0001 10 0
327 20673522.1824 0.0001 0.001 5e-05 0.0001 6 9
328 77357657.1824 0.0001 0.001 5e-05 0.0001 10 1
329 37399107.1824 0.0001 0.001 5e-05 0.0001 7 1
330 47252563.1824 0.0001 1.001 5e-05 0.0001 2 0
331 107065632.1824 0.0001 1.001 5e-05 0.0001 6 9
332 32545269.1824 0.0001 0.001 5e-05 0.0001 1 10
333 63449258.1824 0.0001 0.001 5e-05 0.0001 10 8
334 140094209.1824 0.0001 0.001 5e-05 0.0001 4 8
335 74076806.1824 0.0001 0.001 5e-05 0.0001 7 0
336 157124408.1824 0.0001 0.001 5e-05 0.0001 3 4
337 58283935.1824 0.0001 0.001 5e-05 0.0001 10 5
338 61398314.1824 0.0001 0.001 5e-05 0.0001 6 10
339 27605983.1824 0.0001 0.001 5e-05 0.0001 6 10
340 84513789.1824 0.0001 0.001 5e-05 0.0001 3 7
341 126941412.1824 0.0001 1.001 5e-05 0.0001 6 10
342 61614686.1824 0.0001 2.001 5e-05 0.0001 7 9
343 99020580.1824 0.0001 0.001 5e-05 0.0001 7 1
344 14032934.1824 0.0001 0.001 5e-05 0.0001 4 10
345 89379263.1824 0.0001 1.001 5e-05 0.0001 0 2
346 99545232.1824 0.0001 0.001 5e-05 0.0001 10 6
347 156680562.1824 0.0001 1.001 5e-05 0.0001 4 0
348 139051925.1824 0.0001 0.001 5e-05 0.0001 10 1
349 29972611.1824 0.0001 0.001 5e-05 0.0001 0 10
350 54352233.1824 0.0001 0.001 5e-05 0.0001 8 7
351 17917453.1824 0.0001 1.001 5e-05 0.0001 8 9
352 190432779.1824 0.0001 0.001 5e-05 0.0001 8 4
353 219110051.1824 0.0001 0.001 5e-05 0.0001 5 3
354 62029763.1824 0.0001 0.001 5e-05 0.0001 3 7
355 6410316.1824 0.0001 1.001 5e-05 0.0001 10 1
356 83614844.1824 0.0001 0.001 5e-05 0.0001 4 5
357 68296875.1824 0.0001 0.001 5e-05 0.0001 9 0
358 62104644.1824 0.0001 1.001 5e-05 0.0001 5 7
359 200146631.1824 0.0001 0.001 5e-05 0.0001 0 5
360 37611081.1824 0.0001 1.001 5e-05 0.0001 8 0
361 42111472.1824 0.0001 1.001 5e-05 0.0001 5 0
362 69012359.1824 0.0001 0.001 5e-05 0.0001 7 10
363 106744574.1824 0.0001 0.001 5e-05 0.0001 10 2
364 61623565.1824 0.0001 0.001 5e-05 0.0001 4 8
365 155611018.1824 0.0001 0.001 5e-05 0.0001 4 2
366 34703109.1824 0.0001 0.001 5e-05 0.0001 4 3
367 78173927.1824 0.0001 0.001 5e-05 0.0001 10 5
368 20150150.1824 0.0001 0.001 5e-05 0.0001 8 0
369 147741601.1824 0.0001 1.001 5e-05 0.0001 3 4
370 75231721.1824 0.0001 0.001 5e-05 0.0001 8 1
371 100708364.1824 0.0001 0.001 5e-05 0.0001 7 4
372 13463780.1824 0.0001 1.001 5e-05 0.0001 7 5
373 29699710.1824 0.0001 1.001 5e-05 0.0001 2 9
374 83184741.1824 0.0001 1.001 5e-05 0.0001 5 3
375 59973672.1824 0.0001 0.001 5e-05 0.0001 10 2
376 55777843.1824 0.0001 1.001 5e-05 0.0001 0 1
377 132282812.1824 0.0001 1.001 5e-05 0.0001 10 0
378 63085605.1824 0.0001 0.001 5e-05 0.0001 10 6
379 29075030.1824 0.0001 2.001 5e-05 0.0001 2 6
380 147283630.1824 0.0001 0.001 5e-05 0.0001 7 9
381 86041958.1824 0.0001 0.001 5e-05 0.0001 10 4
382 150292956.1824 0.0001 0.001 5e-05 0.0001 8 5
383 314367569.1824 0.0001 0.001 5e-05 0.0001 6 8
384 3909837.1824 0.0001 0.001 5e-05 0.0001 4 2
385 92185477.1824 0.0001 2.001 5e-05 0.0001 2 10
386 138608822.1824 0.0001 0.001 5e-05 0.0001 10 2
387 90343909.1824 0.0001 0.001 5e-05 0.0001 5 10
388 24509214.1824 0.0001 0.001 5e-05 0.0001 1 7
389 61929087.1824 0.0001 0.001 5e-05 0.0001 6 2
390 51146435.1824 0.0001 0.001 5e-05 0.0001 8 4
391 106631832.1824 0.0001 1.001 5e-05 0.0001 5 8
392 253645153.1824 0.0001 0.001 5e-05 0.0001 1 8
393 26671245.1824 0.0001 0.001 5e-05 0.0001 4 10
394 47432858.1824 0.0001 0.001 5e-05 0.0001 7 1
395 138720457.1824 0.0001 0.001 5e-05 0.0001 7 0
396 90110996.1824 0.0001 1.001 5e-05 0.0001 9 6
397 98269843.1824 0.0001 0.001 5e-05 0.0001 9 5
398 34719305.1824 0.0001 0.001 5e-05 0.0001 10 0
399 42524930.1824 0.0001 0.001 5e-05 0.0001 3 9
400 36429766.1824 0.0001 0.001 5e-05 0.0001 6 4
401 4313523.1824 0.0001 0.001 5e-05 0.0001 6 3
402 28998809.1824 0.0001 1.001 5e-05 0.0001 2 10
403 80874351.1824 0.0001 0.001 5e-05 0.0001 10 2
404 119889179.1824 0.0001 0.001 5e-05 0.0001 1 5
405 182815010.1824 0.0001 0.001 5e-05 0.0001 0 6
406 62144683.1824 0.0001 1.001 5e-05 0.0001 0 10
407 116118167.1824 0.0001 0.001 5e-05 0.0001 5 6
408 162290214.1824 0.0001 0.001 5e-05 0.0001 10 3
409 95930815.1824 0.0001 0.001 5e-05 0.0001 3 9
410 143438527.1824 0.0001 0.001 5e-05 0.0001 0 8
411 21299517.1824 0.0001 0.001 5e-05 0.0001 1 5
412 32847061.1824 0.0001 0.001 5e-05 0.0001 2 5
413 18922764.1824 0.0001 1.001 5e-05 0.0001 6 3
414 26971767.1824 0.0001 0.001 5e-05 0.0001 9 1
415 22340209.1824 0.0001 0.001 5e-05 0.0001 7 0
416 112706940.1824 0.0001 0.001 5e-05 0.0001 4 0
417 49698498.1824 0.0001 0.001 5e-05 0.0001 7 3
418 6403015.1824 0.0001 0.001 5e-05 0.0001 0 1
419 88936391.1824 0.0001 0.001 5e-05 0.0001 2 8
420 158267581.1824 0.0001 0.001 5e-05 0.0001 2 3
421 62193213.1824 0.0001 1.001 5e-05 0.0001 0 6
422 175482882.1824 0.0001 0.001 5e-05 0.0001 6 10
423 127640457.1824 0.0001 1.001 5e-05 0.0001 9 2
424 176055181.1824 0.0001 0.001 5e-05 0.0001 5 8
425 96716378.1824 0.0001 0.001 5e-05 0.0001 2 6
426 182312277.1824 0.0001 0.001 5e-05 0.0001 9 2
427 121487847.1824 0.0001 0.001 5e-05 0.0001 10 4
428 67863727.1824 0.0001 1.001 5e-05 0.0001 10 8
429 26046753.1824 0.0001 0.001 5e-05 0.0001 6 0
430 115835427.1824 0.0001 0.001 5e-05 0.0001 7 6
431 26361237.1824 0.0001 0.001 5e-05 0.0001 8 7
432 1501393.1824 0.0001 0.001 5e-05 0.0001 4 0
433 74464350.1824 0.0001 0.001 5e-05 0.0001 2 1
434 23363406.1824 0.0001 0.001 5e-05 0.0001 7 4
435 128016758.1824 0.0001 1.001 5e-05 0.0001 2 0
436 28353191.1824 0.0001 0.001 5e-05 0.0001 0 6
437 37362721.1824 0.0001 0.001 5e-05 0.0001 5 8
438 115447445.1824 0.0001 0.001 5e-05 0.0001 4 9
439 87055259.1824 0.0001 0.001 5e-05 0.0001 3 7
440 43465431.1824 0.0001 0.001 5e-05 0.0001 9 0
441 9910004.1824 0.0001 1.001 5e-05 0.0001 0 1
442 121002432.1824 0.0001 0.001 5e-05 0.0001 2 5
443 38561893.1824 0.0001 1.001 5e-05 0.0001 6 0
444 31382313.1824 0.0001 1.001 5e-05 0.0001 1 9
445 160272855.1824 0.0001 0.001 5e-05 0.0001 6 2
446 72100770.1824 0.0001 0.001 5e-05 0.0001 8 3
447 85033030.1824 0.0001 1.001 5e-05 0.0001 8 7
448 103768755.1824 0.0001 0.001 5e-05 0.0001 2 0
449 40371163.1824 0.0001 1.001 5e-05 0.0001 0 10
450 40932460.1824 0.0001 0.001 5e-05 0.0001 7 1
451 61512449.1824 0.0001 0.001 5e-05 0.0001 2 1
452 120409881.1824 0.0001 0.001 5e-05 0.0001 5 6
453 105257345.1824 0.0001 0.001 5e-05 0.0001 5 7
454 257171477.1824 0.0001 1.001 5e-05 0.0001 7 3
455 51298936.1824 0.0001 0.001 5e-05 0.0001 5 3
456 20602382.1824 0.0001 1.001 5e-05 0.0001 4 10
457 54683759.1824 0.0001 1.001 5e-05 0.0001 10 8
458 67126722.1824 0.0001 1.001 5e-05 0.0001 6 4
459 7598364.1824 0.0001 1.001 5e-05 0.0001 3 5
460 88200692.1824 0.0001 1.001 5e-05 0.0001 6 4
461 273742208.1824 0.0001 0.001 5e-05 0.0001 7 4
462 62707151.1824 0.0001 0.001 5e-05 0.0001 0 6
463 5752950.1824 0.0001 1.001 5e-05 0.0001 0 4
464 80969027.1824 0.0001 1.001 5e-05 0.0001 8 3
465 65902903.1824 0.0001 0.001 5e-05 0.0001 4 10
466 59625739.1824 0.0001 0.001 5e-05 0.0001 2 4
467 35114526.1824 0.0001 0.001 5e-05 0.0001 6 4
468 175173488.1824 0.0001 1.001 5e-05 0.0001 9 8
469 96580414.1824 0.0001 0.001 5e-05 0.0001 1 6
470 119214429.1824 0.0001 0.001 5e-05 0.0001 9 10
471 51653160.1824 0.0001 0.001 5e-05 0.0001 5 8
472 39525475.1824 0.0001 0.001 5e-05 0.0001 6 8
473 92172835.1824 0.0001 1.001 5e-05 0.0001 4 9
474 55415613.1824 0.0001 2.001 5e-05 0.0001 7 8
475 35995724.1824 0.0001 0.001 5e-05 0.0001 9 8
476 106657667.1824 0.0001 0.001 5e-05 0.0001 5 6
477 144050900.1824 0.0001 0.001 5e-05 0.0001 10 9
478 112827320.1824 0.0001 0.001 5e-05 0.0001 0 8
479 90273550.1824 0.0001 2.001 5e-05 0.0001 2 5
480 22530783.1824 0.0001 0.001 5e-05 0.0001 3 6
481 82724886.1824 0.0001 0.001 5e-05 0.0001 4 6
482 122615240.1824 0.0001 1.001 5e-05 0.0001 8 4
483 44363735.1824 0.0001 0.001 5e-05 0.0001 6 3
484 193105680.1824 0.0001 1.001 5e-05 0.0001 10 7
485 99844483.1824 0.0001 0.001 5e-05 0.0001 6 3
486 283873799.1824 0.0001 0.001 5e-05 0.0001 8 10
487 59761660.1824 0.0001 2.001 5e-05 0.0001 0 3
488 42939048.1824 0.0001 0.001 5e-05 0.0001 7 4
489 6009515.1824 0.0001 0.001 5e-05 0.0001 8 10
490 151310908.1824 0.0001 0.001 5e-05 0.0001 8 7
491 152837738.1824 0.0001 0.001 5e-05 0.0001 10 1
492 128285062.1824 0.0001 0.001 5e-05 0.0001 4 3
493 3463289.1824 0.0001 1.001 5e-05 0.0001 8 6
494 50187080.1824 0.0001 1.001 5e-05 0.0001 8 9
495 59201822.1824 0.0001 0.001 5e-05 0.0001 10 0
496 29275999.1824 0.0001 0.001 5e-05 0.0001 3 2
497 41340961.1824 0.0001 0.001 5e-05 0.0001 1 9
498 34409250.1824 0.0001 0.001 5e-05 0.0001 6 2
499 674383.1824 0.0001 0.001 5e-05 0.0001 2 8
500 20918093.1824 0.0001 0.001 5e-05 0.0001 0 1
501 69603727.1824 0.0001 0.001 5e-05 0.0001 3 6
502 14062782.1824 0.0001 1.001 5e-05 0.0001 7 3
503 2491486.1824 0.0001 0.001 5e-05 0.0001 0 1
504 45038362.1824 0.0001 0.001 5e-05 0.0001 10 6
505 38231271.1824 0.0001 0.001 5e-05 0.0001 2 0
506 156812651.1824 0.0001 0.001 5e-05 0.0001 3 6
507 67600506.1824 0.0001 0.001 5e-05 0.0001 9 6
508 65123230.1824 0.0001 0.001 5e-05 0.0001 4 5
509 205583489.1824 0.0001 1.001 5e-05 0.0001 10 9
510 72982355.1824 0.0001 0.001 5e-05 0.0001 10 2
511 26980128.1824 0.0001 0.001 5e-05 0.0001 7 10
512 19514270.1824 0.0001 0.001 5e-05 0.0001 0 9
513 108616305.1824 0.0001 0.001 5e-05 0.0001 1 0
514 201147948.1824 0.0001 0.001 5e-05 0.0001 3 1
515 65751762.1824 0.0001 0.001 5e-05 0.0001 3 10
516 36882758.1824 0.0001 1.001 5e-05 0.0001 9 8
517 23818257.1824 0.0001 0.001 5e-05 0.0001 1 2
518 112206338.1824 0.0001 2.001 5e-05 0.0001 8 9
519 27882414.1824 0.0001 0.001 5e-05 0.0001 2 9
520 69493732.1824 0.0001 0.001 5e-05 0.0001 0 6
521 254946541.1824 0.0001 0.001 5e-05 0.0001 6 10
522 73503410.1824 0.0001 0.001 5e-05 0.0001 3 5
523 53933320.1824 0.0001 1.001 5e-05 0.0001 8 5
524 129424774.1824 0.0001 1.001 5e-05 0.0001 8 6
525 12261310.1824 0.0001 1.001 5e-05 0.0001 4 7
526 48579976.1824 0.0001 1.001 5e-05 0.0001 1 7
527 79049187.1824 0.0001 0.001 5e-05 0.0001 0 10
528 45440540.1824 0.0001 0.001 5e-05 0.0001 8 0
529 101972545.1824 0.0001 0.001 5e-05 0.0001 9 7
530 72445799.1824 0.0001 0.001 5e-05 0.0001 0 1
531 111429583.1824 0.0001 0.001 5e-05 0.0001 5 4
532 21870324.1824 0.0001 0.001 5e-05 0.0001 0 8
533 23136549.1824 0.0001 1.001 5e-05 0.0001 6 10
534 10042488.1824 0.0001 0.001 5e-05 0.0001 4 3
535 42567987.1824 0.0001 0.001 5e-05 0.0001 6 10
536 73074220.1824 0.0001 1.001 5e-05 0.0001 8 7
537 104862995.1824 0.0001 1.001 5e-05 0.0001 8 7
538 2925812.1824 0.0001 1.001 5e-05 0.0001 1 6
539 107460846.1824 0.0001 0.001 5e-05 0.0001 0 7
540 142394280.1824 0.0001 0.001 5e-05 0.0001 0 6
541 19385456.1824 0.0001 0.001 5e-05 0.0001 6 3
542 19811602.1824 0.0001 1.001 5e-05 0.0001 3 4
543 136490168.1824 0.0001 1.001 5e-05 0.0001 9 5
544 5003800.1824 0.0001 0.001 5e-05 0.0001 6 7
545 134310242.1824 0.0001 0.001 5e-05 0.0001 3 5
546 54392328.1824 0.0001 0.001 5e-05 0.0001 2 10
547 70273875.1824 0.0001 1.001 5e-05 0.0001 1 7
548 165151284.1824 0.0001 0.001 5e-05 0.0001 0 1
549 56195493.1824 0.0001 0.001 5e-05 0.0001 1 3
550 59291998.1824 0.0001 1.001 5e-05 0.0001 8 0
551 204638705.1824 0.0001 0.001 5e-05 0.0001 4 1
552 9951706.1824 0.0001 0.001 5e-05 0.0001 8 10
553 18018390.1824 0.0001 1.001 5e-05 0.0001 3 1
554 37061670.1824 0.0001 0.001 5e-05 0.0001 5 1
555 15709785.1824 0.0001 0.001 5e-05 0.0001 4 7
556 6914528.1824 0.0001 0.001 5e-05 0.0001 9 6
557 96972691.1824 0.0001 0.001 5e-05 0.0001 2 0
558 51367983.1824 0.0001 0.001 5e-05 0.0001 0 9
559 163006125.1824 0.0001 0.001 5e-05 0.0001 4 6
560 12553266.1824 0.0001 1.001 5e-05 0.0001 6 3
561 181040196.1824 0.0001 0.001 5e-05 0.0001 7 9
562 251694473.1824 0.0001 2.001 5e-05 0.0001 4 5
563 10725612.1824 0.0001 0.001 5e-05 0.0001 10 3
564 95345473.1824 0.0001 0.001 5e-05 0.0001 7 0
565 103362412.1824 0.0001 0.001 5e-05 0.0001 4 7
566 34599951.1824 0.0001 0.001 5e-05 0.0001 2 3
567 122656038.1824 0.0001 1.001 5e-05 0.0001 5 1
568 30308070.1824 0.0001 0.001 5e-05 0.0001 4 10
569 44506388.1824 0.0001 0.001 5e-05 0.0001 4 2
570 37687329.1824 0.0001 0.001 5e-05 0.0001 2 9
571 47043942.1824 0.0001 1.001 5e-05 0.0001 7 10
572 37452826.1824 0.0001 0.001 5e-05 0.0001 7 6
573 137380009.1824 0.0001 1.001 5e-05 0.0001 5 4
574 128231315.1824 0.0001 0.001 5e-05 0.0001 2 10
575 23967602.1824 0.0001 1.001 5e-05 0.0001 1 3
576 77534708.1824 0.0001 0.001 5e-05 0.0001 0 1
577 89179147.1824 0.0001 1.001 5e-05 0.0001 10 5
578 123565174.1824 0.0001 1.001 5e-05 0.0001 8 0
579 174854292.1824 0.0001 0.001 5e-05 0.0001 5 1
580 243128602.1824 0.0001 2.001 5e-05 0.0001 1 3
581 26758749.1824 0.0001 0.001 5e-05 0.0001 7 0
582 221557329.1824 0.0001 0.001 5e-05 0.0001 0 2
583 131372545.1824 0.0001 1.001 5e-05 0.0001 3 2
584 45700850.1824 0.0001 0.001 5e-05 0.0001 5 9
585 15478534.1824 0.0001 0.001 5e-05 0.0001 0 3
586 36388467.1824 0.0001 0.001 5e-05 0.0001 8 3
587 91660774.1824 0.0001 0.001 5e-05 0.0001 10 7
588 18179152.1824 0.0001 0.001 5e-05 0.0001 1 9
589 134874244.1824 0.0001 0.001 5e-05 0.0001 8 9
590 111062315.1824 0.0001 2.001 5e-05 0.0001 10 5
591 39682426.1824 0.0001 1.001 5e-05 0.0001 4 10
592 183453968.1824 0.0001 0.001 5e-05 0.0001 4 7
593 61406681.1824 0.0001 1.001 5e-05 0.0001 5 9
594 77155404.1824 0.0001 1.001 5e-05 0.0001 8 10
595 63844464.1824 0.0001 0.001 5e-05 0.0001 6 1
596 64188689.1824 0.0001 1.001 5e-05 0.0001 5 6
597 4602173.1824 0.0001 0.001 5e-05 0.0001 6 5
598 50997337.1824 0.0001 0.001 5e-05 0.0001 1 3
599 137677889.1824 0.0001 0.001 5e-05 0.0001 4 2
600 49220846.1824 0.0001 0.001 5e-05 0.0001 2 8
601 50788296.1824 0.0001 1.001 5e-05 0.0001 7 8
602 68765940.1824 0.0001 0.001 5e-05 0.0001 5 9
603 31471056.1824 0.0001 0.001 5e-05 0.0001 9 4
604 122283596.1824 0.0001 0.001 5e-05 0.0001 4 5
605 49201017.1824 0.0001 0.001 5e-05 0.0001 0 6
606 48617054.1824 0.0001 1.001 5e-05 0.0001 1 3
607 50505335.1824 0.0001 0.001 5e-05 0.0001 6 4
608 34575030.1824 0.0001 0.001 5e-05 0.0001 3 7
609 38190760.1824 0.0001 0.001 5e-05 0.0001 10 9
610 18864874.1824 0.0001 1.001 5e-05 0.0001 9 8
611 166000819.1824 0.0001 0.001 5e-05 0.0001 7 8
612 181628772.1824 0.0001 1.001 5e-05 0.0001 5 2
613 245283881.1824 0.0001 1.001 5e-05 0.0001 6 0
614 205083591.1824 0.0001 0.001 5e-05 0.0001 7 0
615 68904905.1824 0.0001 0.001 5e-05 0.0001 1 2
616 182488510.1824 0.0001 2.001 5e-05 0.0001 5 10
617 135438352.1824 0.0001 0.001 5e-05 0.0001 3 2
618 32156429.1824 0.0001 0.001 5e-05 0.0001 2 6
619 54692029.1824 0.0001 0.001 5e-05 0.0001 2 6
620 126834327.1824 0.0001 1.001 5e-05 0.0001 0 5
621 265661229.1824 0.0001 1.001 5e-05 0.0001 2 6
622 8610060.1824 0.0001 1.001 5e-05 0.0001 0 7
623 49117525.1824 0.0001 0.001 5e-05 0.0001 0 2
624 112363804.1824 0.0001 0.001 5e-05 0.0001 2 5
625 134814490.1824 0.0001 0.001 5e-05 0.0001 10 4
626 63368903.1824 0.0001 0.001 5e-05 0.0001 0 9
627 143645334.1824 0.0001 1.001 5e-05 0.0001 9 4
628 52902914.1824 0.0001 0.001 5e-05 0.0001 8 0
629 47727512.1824 0.0001 0.001 5e-05 0.0001 1 9
630 135362880.1824 0.0001 0.001 5e-05 0.0001 4 10
631 23481507.1824 0.0001 1.001 5e-05 0.0001 10 8
632 152728523.1824 0.0001 1.001 5e-05 0.0001 8 10
633 63758068.1824 0.0001 0.001 5e-05 0.0001 10 1
634 161445970.1824 0.0001 0.001 5e-05 0.0001 7 6
635 31312904.1824 0.0001 0.001 5e-05 0.0001 9 8
636 14768644.1824 0.0001 0.001 5e-05 0.0001 6 1
637 85093682.1824 0.0001 0.001 5e-05 0.0001 2 6
638 46386909.1824 0.0001 0.001 5e-05 0.0001 9 1
639 110294050.1824 0.0001 1.001 5e-05 0.0001 2 9
640 75345255.1824 0.0001 0.001 5e-05 0.0001 8 9
641 11502494.1824 0.0001 0.001 5e-05 0.0001 5 6
642 35818180.1824 0.0001 0.001 5e-05 0.0001 0 6
643 57388623.1824 0.0001 1.001 5e-05 0.0001 7 6
644 101913332.1824 0.0001 0.001 5e-05 0.0001 1 10
645 30344394.1824 0.0001 0.001 5e-05 0.0001 3 10
646 72639638.1824 0.0001 0.001 5e-05 0.0001 7 3
647 97300368.1824 0.0001 1.001 5e-05 0.0001 9 0
648 114039828.1824 0.0001 1.001 5e-05 0.0001 1 9
649 20012742.1824 0.0001 0.001 5e-05 0.0001 9 7
650 90961062.1824 0.0001 0.001 5e-05 0.0001 10 7
651 141434544.1824 0.0001 0.001 5e-05 0.0001 0 8
652 90130523.1824 0.0001 0.001 5e-05 0.0001 10 0
653 9923636.1824 0.0001 1.001 5e-05 0.0001 3 2
654 126896665.1824 0.0001 0.001 5e-05 0.0001 5 6
655 58598282.1824 0.0001 0.001 5e-05 0.0001 8 10
656 97988655.1824 0.0001 0.001 5e-05 0.0001 1 3
657 186894703.1824 0.0001 0.001 5e-05 0.0001 8 10
658 51835211.1824 0.0001 1.001 5e-05 0.0001 1 5
659 30660851.1824 0.0001 0.001 5e-05 0.0001 5 2
660 33540573.1824 0.0001 0.001 5e-05 0.0001 5 8
661 204695012.1824 0.0001 2.001 5e-05 0.0001 6 4
662 20134755.1824 0.0001 1.001 5e-05 0.0001 9 8
663 98057601.1824 0.0001 0.001 5e-05 0.0001 7 0
664 141038314.1824 0.0001 0.001 5e-05 0.0001 2 4
665 81446368.1824 0.0001 0.001 5e-05 0.0001 0 6
666 23617552.1824 0.0001 0.001 5e-05 0.0001 0 9
667 117359109.1824 0.0001 0.001 5e-05 0.0001 8 0
668 15701659.1824 0.0001 0.001 5e-05 0.0001 3 2
669 181628920.1824 0.0001 0.001 5e-05 0.0001 2 10
670 40695537.1824 0.0001 1.001 5e-05 0.0001 4 7
671 34707971.1824 0.0001 0.001 5e-05 0.0001 7 6
672 56579024.1824 0.0001 0.001 5e-05 0.0001 6 8
673 150117157.1824 0.0001 1.001 5e-05 0.0001 3 5
674 3198624.1824 0.0001 0.001 5e-05 0.0001 1 7
675 37475473.1824 0.0001 0.001 5e-05 0.0001 9 6
676 40564363.1824 0.0001 0.001 5e-05 0.0001 4 2
677 10920800.1824 0.0001 1.001 5e-05 0.0001 2 9
678 18898633.1824 0.0001 0.001 5e-05 0.0001 2 4
679 106231162.1824 0.0001 0.001 5e-05 0.0001 1 6
680 83605864.1824 0.0001 0.001 5e-05 0.0001 0 7
681 10061336.1824 0.0001 0.001 5e-05 0.0001 4 9
682 58924810.1824 0.0001 0.001 5e-05 0.0001 6 1
683 153203072.1824 0.0001 0.001 5e-05 0.0001 0 3
684 8319170.1824 0.0001 0.001 5e-05 0.0001 1 2
685 328120926.1824 0.0001 0.001 5e-05 0.0001 1 10
686 279432827.1824 0.0001 0.001 5e-05 0.0001 5 6
687 7829493.1824 0.0001 1.001 5e-05 0.0001 4 2
688 84822223.1824 0.0001 0.001 5e-05 0.0001 0 1
689 8762368.1824 0.0001 1.001 5e-05 0.0001 0 5
690 83607599.1824 0.0001 0.001 5e-05 0.0001 8 0
691 208226235.1824 0.0001 0.001 5e-05 0.0001 1 5
692 100810427.1824 0.0001 1.001 5e-05 0.0001 9 7
693 93295452.1824 0.0001 0.001 5e-05 0.0001 2 7
694 208840911.1824 0.0001 0.001 5e-05 0.0001 7 5
695 109926831.1824 0.0001 1.001 5e-05 0.0001 10 2
696 78373543.1824 0.0001 1.001 5e-05 0.0001 1 5
697 7075880.1824 0.0001 1.001 5e-05 0.0001 8 6
698 67863595.1824 0.0001 0.001 5e-05 0.0001 7 10
699 18136793.1824 0.0001 0.001 5e-05 0.0001 0 6
700 146345780.1824 0.0001 0.001 5e-05 0.0001 3 9
701 111130374.1824 0.0001 0.001 5e-05 0.0001 2 4
702 31316224.1824 0.0001 0.001 5e-05 0.0001 5 10
703 16568443.1824 0.0001 0.001 5e-05 0.0001 10 4
704 41346400.1824 0.0001 0.001 5e-05 0.0001 9 7
705 82718397.1824 0.0001 2.001 5e-05 0.0001 2 10
706 14312903.1824 0.0001 0.001 5e-05 0.0001 1 9
707 30085886.1824 0.0001 0.001 5e-05 0.0001 1 3
708 156668877.1824 0.0001 0.001 5e-05 0.0001 6 4
709 189413064.1824 0.0001 2.001 5e-05 0.0001 10 7
710 167500655.1824 0.0001 0.001 5e-05 0.0001 8 6
711 129594098.1824 0.0001 3.001 5e-05 0.0001 5 3
712 47237561.1824 0.0001 0.001 5e-05 0.0001 10 1
713 81358954.1824 0.0001 0.001 5e-05 0.0001 6 0
714 53643600.1824 0.0001 1.001 5e-05 0.0001 0 1
715 248102490.1824 0.0001 0.001 5e-05 0.0001 5 8
716 50408760.1824 0.0001 0.001 5e-05 0.0001 1 5
717 28425217.1824 0.0001 1.001 5e-05 0.0001 3 2
718 40420108.1824 0.0001 0.001 5e-05 0.0001 5 7
719 2235036.1824 0.0001 0.001 5e-05 0.0001 3 8
720 77551295.1824 0.0001 0.001 5e-05 0.0001 6 4
721 105060153.1824 0.0001 0.001 5e-05 0.0001 8 10
722 80768782.1824 0.0001 1.001 5e-05 0.0001 0 4
723 7084018.1824 0.0001 0.001 5e-05 0.0001 6 8
724 50811185.1824 0.0001 1.001 5e-05 0.0001 6 3
725 72275581.1824 0.0001 0.001 5e-05 0.0001 7 10
726 193495460.1824 0.0001 1.001 5e-05 0.0001 4 3
727 32964384.1824 0.0001 0.001 5e-05 0.0001 4 6
728 479555.1824 0.0001 2.001 5e-05 0.0001 2 5
729 123751003.1824 0.0001 0.001 5e-05 0.0001 4 0
730 197818641.1824 0.0001 0.001 5e-05 0.0001 2 8
731 34925061.1824 0.0001 0.001 5e-05 0.0001 7 1
732 69530209.1824 0.0001 1.001 5e-05 0.0001 9 0
733 18226365.1824 0.0001 0.001 5e-05 0.0001 8 3
734 99883081.1824 0.0001 1.001 5e-05 0.0001 10 7
735 98689617.1824 0.0001 0.001 5e-05 0.0001 3 9
736 208878659.1824 0.0001 0.001 5e-05 0.0001 10 0
737 112145648.1824 0.0001 1.001 5e-05 0.0001 1 7
738 16220372.1824 0.0001 0.001 5e-05 0.0001 0 8
739 103777064.1824 0.0001 1.001 5e-05 0.0001 3 5
740 103071326.1824 0.0001 0.001 5e-05 0.0001 2 10
741 11699130.1824 0.0001 0.001 5e-05 0.0001 4 3
742 44423246.1824 0.0001 0.001 5e-05 0.0001 1 4
743 80919016.1824 0.0001 2.001 5e-05 0.0001 3 5
744 37425432.1824 0.0001 0.001 5e-05 0.0001 2 6
745 164746008.1824 0.0001 0.001 5e-05 0.0001 2 6
746 192009192.1824 0.0001 1.001 5e-05 0.0001 7 5
747 180637087.1824 0.0001 0.001 5e-05 0.0001 9 4
748 45222963.1824 0.0001 0.001 5e-05 0.0001 10 3
749 113257319.1824 0.0001 0.001 5e-05 0.0001 3 8
750 32552176.1824 0.0001 1.001 5e-05 0.0001 4 2
751 27848010.1824 0.0001 0.001 5e-05 0.0001 7 9
752 117249531.1824 0.0001 0.001 5e-05 0.0001 9 10
753 168608664.1824 0.0001 0.001 5e-05 0.0001 7 5
754 46203559.1824 0.0001 1.001 5e-05 0.0001 5 2
755 32908852.1824 0.0001 0.001 5e-05 0.0001 5 4
756 169247469.1824 0.0001 1.001 5e-05 0.0001 6 4
757 29284801.1824 0.0001 1.001 5e-05 0.0001 10 2
758 94025894.1824 0.0001 1.001 5e-05 0.0001 2 5
759 29160819.1824 0.0001 0.001 5e-05 0.0001 10 5
760 160274658.1824 0.0001 1.001 5e-05 0.0001 8 7
761 112074780.1824 0.0001 0.001 5e-05 0.0001 4 10
762 111998618.1824 0.0001 0.001 5e-05 0.0001 8 2
763 46454159.1824 0.0001 1.001 5e-05 0.0001 8 4
764 20176186.1824 0.0001 1.001 5e-05 0.0001 8 9
765 16393152.1824 0.0001 1.001 5e-05 0.0001 0 5
766 3616457.1824 0.0001 0.001 5e-05 0.0001 9 6
767 102319814.1824 0.0001 0.001 5e-05 0.0001 1 10
768 133572313.1824 0.0001 0.001 5e-05 0.0001 9 3
769 7252403.1824 0.0001 0.001 5e-05 0.0001 9 4
770 148256404.1824 0.0001 0.001 5e-05 0.0001 4 6
771 40799463.1824 0.0001 1.001 5e-05 0.0001 4 0
772 4525125.1824 0.0001 0.001 5e-05 0.0001 5 1
773 34273401.1824 0.0001 0.001 5e-05 0.0001 4 10
774 61384843.1824 0.0001 0.001 5e-05 0.0001 1 5
775 207176643.1824 0.0001 1.001 5e-05 0.0001 4 1
776 186332737.1824 0.0001 1.001 5e-05 0.0001 10 4
777 23138277.1824 0.0001 0.001 5e-05 0.0001 1 5
778 247722810.1824 0.0001 0.001 5e-05 0.0001 1 3
779 109030026.1824 0.0001 0.001 5e-05 0.0001 0 7
780 259248249.1824 0.0001 0.001 5e-05 0.0001 3 10
781 83946846.1824 0.0001 0.001 5e-05 0.0001 4 1
782 31942469.1824 0.0001 0.001 5e-05 0.0001 0 6
783 112158561.1824 0.0001 0.001 5e-05 0.0001 3 10
784 68335517.1824 0.0001 0.001 5e-05 0.0001 6 2
785 155430502.1824 0.0001 0.001 5e-05 0.0001 6 10
786 61399849.1824 0.0001 1.001 5e-05 0.0001 7 5
787 29049224.1824 0.0001 0.001 5e-05 0.0001 2 1
788 14520391.1824 0.0001 1.001 5e-05 0.0001 10 4
789 148788811.1824 0.0001 0.001 5e-05 0.0001 8 5
790 102825505.1824 0.0001 0.001 5e-05 0.0001 4 3
791 98176102.1824 0.0001 0.001 5e-05 0.0001 10 4
792 97027608.1824 0.0001 0.001 5e-05 0.0001 4 3
793 184226370.1824 0.0001 0.001 5e-05 0.0001 4 0
794 16089315.1824 0.0001 0.001 5e-05 0.0001 10 6
795 42813892.1824 0.0001 1.001 5e-05 0.0001 8 4
796 205136653.1824 0.0001 2.001 5e-05 0.0001 3 9
797 199641745.1824 0.0001 0.001 5e-05 0.0001 7 6
798 156134817.1824 0.0001 1.001 5e-05 0.0001 4 5
799 77633033.1824 0.0001 1.001 5e-05 0.0001 3 5
=== Proposals ===
0 252 2 0 4 8
1 283 2 0 8 9
2 133 2 0 5 1
3 561 2 0 5 3
4 344 2 0 0 9
5 423 2 0 2 9
6 583 2 0 8 4
7 610 2 0 3 5
8 310 2 0 3 1
9 636 2 0 3 4
10 466 2 0 0 2
11 227 2 0 10 9
12 423 2 0 5 2
13 139 2 0 4 8
14 425 2 0 0 1
15 124 2 0 1 7
16 518 2 0 0 2
17 56 2 0 3 2
18 433 2 0 9 2
19 569 2 0 10 0
20 569 2 0 3 1
21 225 2 0 2 1
22 619 2 0 7 3
23 269 2 0 10 6
24 365 2 0 6 5
25 639 2 0 6 3
26 535 2 0 4 10
27 304 2 0 10 1
28 392 2 0 1 9
29 216 2 0 5 0
30 405 2 0 2 0
31 50 2 0 10 5
32 70 2 0 10 3
33 615 2 0 10 3
34 83 2 0 10 8
35 511 2 0 9 1
36 512 2 0 8 3
37 207 2 0 8 1
38 227 2 0 10 4
39 132 2 0 9 10
40 613 2 0 6 7
41 757 2 0 10 8
42 109 2 0 9 10
43 163 2 0 2 1
44 177 2 0 2 7
45 543 2 0 5 0
46 622 2 0 10 8
47 213 2 0 7 10
48 492 2 0 2 1
49 507 2 0 10 3
50 779 2 0 10 6
51 255 2 0 6 10
52 249 2 0 4 2
53 483 2 0 2 6
54 376 2 0 0 9
55 379 2 0 0 1
56 602 2 0 0 6
57 612 2 0 7 1
58 239 2 0 2 7
59 185 2 0 9 2
60 90 2 0 9 0
61 129 2 0 2 0
62 82 2 0 3 6
63 421 2 0 10 2
64 475 2 0 10 2
65 269 2 0 1 0
66 0 2 0 5 0
67 73 2 0 10 2
68 635 2 0 1 10
69 432 2 0 2 1
70 675 2 0 4 1
71 235 2 0 3 2
72 771 2 0 6 8
73 516 2 0 2 5
74 215 2 0 6 1
75 492 2 0 1 7
76 486 2 0 5 4
77 28 2 0 8 4
78 561 2 0 6 2
79 24 2 0 1 6
80 600 2 0 2 3
81 352 2 0 1 3
82 724 2 0 3 10
83 417 2 0 7 3
84 526 2 0 0 4
85 746 2 0 7 0
86 304 2 0 10 7
87 135 2 0 3 4
88 339 2 0 0 1
89 647 2 0 0 6
90 382 2 0 3 0
91 661 2 0 3 4
92 734 2 0 0 2
93 392 2 0 7 9
94 34 2 0 9 2
95 480 2 0 10 5
96 71 2 0 10 9
97 757 2 0 9 6
98 340 2 0 2 3
99 753 2 0 2 1
100 527 2 0 2 8
101 432 2 0 0 6
102 455 2 0 0 4
103 575 2 0 9 10
104 580 2 0 5 7
105 8 2 0 0 3
106 551 2 0 2 10
107 466 2 0 3 5
108 679 2 0 1 9
109 772 2 0 0 6
110 651 2 0 2 6
111 259 2 0 5 0
112 619 2 0 5 6
113 196 2 0 7 1
114 173 2 0 7 9
115 264 2 0 0 10
116 61 2 0 3 10
117 328 2 0 3 5
118 615 2 0 10 8
119 143 2 0 4 7
120 286 2 0 9 5
121 420 2 0 8 0
122 708 2 0 1 4
123 540 2 0 2 7
124 552 2 0 3 5
125 59 2 0 10 3
126 551 2 0 5 1
127 712 2 0 1 0
128 432 2 0 4 3
129 761 2 0 8 0
130 395 2 0 8 10
131 526 2 0 2 3
132 694 2 0 5 3
133 475 2 0 4 1
134 233 2 0 4 9
135 322 2 0 9 10
136 1 2 0 10 4
137 573 2 0 4 3
138 318 2 0 10 3
139 729 2 0 3 7
140 103 2 0 7 3
141 300 2 0 6 1
142 723 2 0 4 8
143 322 2 0 1 0
144 88 2 0 4 0
145 459 2 0 2 7
146 723 2 0 6 10
147 378 2 0 1 4
148 4 2 0 5 6
149 341 2 0 7 3
150 731 2 0 4 1
151 459 2 0 2 9
152 492 2 0 6 8
153 202 2 0 5 1
154 555 2 0 3 9
155 585 2 0 2 8
156 455 2 0 5 8
157 125 2 0 3 8
158 697 2 0 2 3
159 303 2 0 2 6
160 349 2 0 2 0
161 571 2 0 2 5
162 225 2 0 5 8
163 519 2 0 0 1
164 676 2 0 4 5
165 328 2 0 7 3
166 745 2 0 10 2
167 317 2 0 2 1
168 381 2 0 1 5
169 281 2 0 5 6
170 75 2 0 1 2
171 155 2 0 2 6
172 395 2 0 4 5
173 411 2 0 5 3
174 472 2 0 4 10
175 30 2 0 8 0
176 527 2 0 2 0
177 349 2 0 0 4
178 18 2 0 3 9
179 548 2 0 5 7
180 286 2 0 8 1
181 650 2 0 7 4
182 311 2 0 10 8
183 177 2 0 7 8
184 453 2 0 4 7
185 475 2 0 9 4
186 193 2 0 1 2
187 675 2 0 0 7
188 449 2 0 4 3
189 222 2 0 9 2
190 207 2 0 7 3
191 141 2 0 4 9
192 311 2 0 8 5
193 690 2 0 6 0
194 195 2 0 1 9
195 775 2 0 9 8
196 663 2 0 9 8
197 302 2 0 7 5
198 496 2 0 4 1
199 3 2 0 6 10
200 291 2 0 8 0
201 796 2 0 7 6
202 693 2 0 2 0
203 366 2 0 1 2
204 629 2 0 1 7
205 602 2 0 6 1
206 415 2 0 10 5
207 529 2 0 4 8
208 510 2 0 2 1
209 362 2 0 9 10
210 83 2 0 0 2
211 769 2 0 8 1
212 542 2 0 6 4
213 580 2 0 9 5
214 129 2 0 3 7
215 569 2 0 0 3
216 524 2 0 3 7
217 26 2 0 7 10
218 587 2 0 10 4
219 603 2 0 9 1
220 419 2 0 4 0
221 63 2 0 1 7
222 716 2 0 10 9
223 395 2 0 3 2
224 395 2 0 5 3
225 675 2 0 8 5
226 719 2 0 8 3
227 72 2 0 1 7
228 102 2 0 0 8
229 356 2 0 10 0
230 323 2 0 7 0
231 379 2 0 4 8
232 793 2 0 9 7
233 261 2 0 10 8
234 339 2 0 2 5
235 475 2 0 3 10
236 465 2 0 9 3
237 176 2 0 6 9
238 274 2 0 2 6
239 769 2 0 10 1
240 32 2 0 10 0
241 781 2 0 8 9
242 594 2 0 4 7
243 47 2 0 6 1
244 663 2 0 1 2
245 780 2 0 3 1
246 515 2 0 0 3
247 767 2 0 7 1
248 229 2 0 8 3
249 601 2 0 6 9
250 70 2 0 0 9
251 545 2 0 5 10
252 498 2 0 5 7
253 263 2 0 4 5
254 555 2 0 8 0
255 164 2 0 1 10
256 51 2 0 3 0
257 62 2 0 0 3
258 440 2 0 0 2
259 400 2 0 3 6
260 650 2 0 2 4
261 54 2 0 1 2
262 778 2 0 4 2
263 416 2 0 10 2
264 383 2 0 0 3
265 702 2 0 1 7
266 510 2 0 9 1
267 618 2 0 10 8
268 565 2 0 4 7
269 425 2 0 7 5
270 419 2 0 1 0
271 39 2 0 4 3
272 313 2 0 7 0
273 161 2 0 0 10
274 731 2 0 8 4
275 256 2 0 5 10
276 68 2 0 1 7
277 676 2 0 0 9
278 180 2 0 3 1
279 475 2 0 9 8
280 283 2 0 7 4
281 458 2 0 9 0
282 623 2 0 3 2
283 197 2 0 1 0
284 429 2 0 7 6
285 269 2 0 1 8
286 562 2 0 5 4
287 790 2 0 3 10
288 698 2 0 10 0
289 763 2 0 3 4
290 722 2 0 8 0
291 389 2 0 1 2
292 367 2 0 9 8
293 629 2 0 3 6
294 44 2 0 8 7
295 459 2 0 1 4
296 524 2 0 3 2
297 608 2 0 9 7
298 510 2 0 6 1
299 796 2 0 9 3
300 538 2 0 2 6
301 740 2 0 2 6
302 466 2 0 0 7
303 265 2 0 5 0
304 763 2 0 3 0
305 403 2 0 1 7
306 115 2 0 3 1
307 472 2 0 7 8
308 607 2 0 9 8
309 4 2 0 1 8
310 121 2 0 9 5
311 784 2 0 3 1
312 422 2 0 8 2
313 95 2 0 7 4
314 694 2 0 6 8
315 563 2 0 4 10
316 189 2 0 1 10
317 247 2 0 0 9
318 497 2 0 7 10
319 775 2 0 6 2
320 789 2 0 2 4
321 23 2 0 0 10
322 711 2 0 10 7
323 361 2 0 9 10
324 470 2 0 5 2
325 287 2 0 7 5
326 783 2 0 7 3
327 782 2 0 1 2
328 131 2 0 0 6
329 454 2 0 0 4
330 698 2 0 6 9
331 519 2 0 10 7
332 126 2 0 4 1
333 169 2 0 5 6
334 431 2 0 6 8
335 789 2 0 5 6
336 43 2 0 6 8
337 12 2 0 10 4
338 399 2 0 9 10
339 623 2 0 7 1
340 101 2 0 6 4
341 625 2 0 8 5
342 300 2 0 2 3
343 353 2 0 9 0
344 240 2 0 0 5
345 364 2 0 3 2
346 351 2 0 3 9
347 378 2 0 0 6
348 134 2 0 0 5
349 544 2 0 4 8
350 102 2 0 0 2
351 280 2 0 3 8
352 134 2 0 4 9
353 216 2 0 0 7
354 654 2 0 3 10
355 10 2 0 3 4
356 157 2 0 1 2
357 92 2 0 4 9
358 798 2 0 4 10
359 254 2 0 4 1
360 17 2 0 1 10
361 526 2 0 1 2
362 249 2 0 10 7
363 274 2 0 2 3
364 533 2 0 9 4
365 638 2 0 4 0
366 140 2 0 7 5
367 153 2 0 9 1
368 756 2 0 8 3
369 211 2 0 10 1
370 302 2 0 1 2
371 152 2 0 7 10
372 780 2 0 3 6
373 753 2 0 2 9
374 152 2 0 8 0
375 732 2 0 7 6
376 708 2 0 0 9
377 650 2 0 0 3
378 143 2 0 7 8
379 677 2 0 3 6
380 773 2 0 4 3
381 725 2 0 9 3
382 14 2 0 8 5
383 495 2 0 1 10
384 445 2 0 6 4
385 722 2 0 9 0
386 219 2 0 0 5
387 512 2 0 8 6
388 783 2 0 8 6
389 586 2 0 6 5
390 459 2 0 5 10
391 789 2 0 10 6
392 34 2 0 0 5
393 650 2 0 1 6
394 306 2 0 7 10
395 274 2 0 4 7
396 765 2 0 7 2
397 102 2 0 7 0
398 663 2 0 10 6
399 349 2 0 8 0
400 108 2 0 9 6
401 228 2 0 6 8
402 484 2 0 7 4
403 7 2 0 1 4
404 633 2 0 6 3
405 300 2 0 4 5
406 60 2 0 3 1
407 644 2 0 4 6
408 425 2 0 10 9
409 780 2 0 8 0
410 408 2 0 10 9
411 378 2 0 10 9
412 75 2 0 2 1
413 448 2 0 9 7
414 698 2 0 6 10
415 234 2 0 0 6
416 725 2 0 9 2
417 704 2 0 7 9
418 676 2 0 6 4
419 455 2 0 4 0
420 455 2 0 4 5
421 265 2 0 1 5
422 411 2 0 8 1
423 216 2 0 9 5
424 576 2 0 2 8
425 540 2 0 2 3
426 707 2 0 3 7
427 317 2 0 8 2
428 696 2 0 4 2
429 729 2 0 10 3
430 490 2 0 0 10
431 95 2 0 1 2
432 788 2 0 3 9
433 614 2 0 10 1
434 354 2 0 3 6
435 501 2 0 4 10
436 670 2 0 6 0
437 731 2 0 9 3
438 786 2 0 4 7
439 430 2 0 4 3
440 121 2 0 2 3
441 300 2 0 4 10
442 163 2 0 5 1
443 719 2 0 3 8
444 740 2 0 8 1
445 592 2 0 4 3
446 152 2 0 9 4
447 22 2 0 7 5
448 388 2 0 0 3
449 252 2 0 8 2
450 539 2 0 9 2
451 655 2 0 1 3
452 437 2 0 6 4
453 648 2 0 6 7
454 15 2 0 6 8
455 173 2 0 6 7
456 716 2 0 6 5
457 579 2 0 7 0
458 388 2 0 10 0
459 731 2 0 6 10
460 476 2 0 10 4
461 309 2 0 10 6
462 44 2 0 0 8
463 323 2 0 5 10
464 224 2 0 10 4
465 40 2 0 4 0
466 91 2 0 1 3
467 20 2 0 7 9
468 665 2 0 7 8
469 749 2 0 3 8
470 8 2 0 6 5
471 729 2 0 7 8
472 387 2 0 8 4
473 622 2 0 7 4
474 363 2 0 3 5
475 247 2 0 0 1
476 343 2 0 0 2
477 207 2 0 7 5
478 553 2 0 9 0
479 251 2 0 3 2
480 66 2 0 5 3
481 272 2 0 1 2
482 735 2 0 3 5
483 539 2 0 0 4
484 742 2 0 9 8
485 331 2 0 7 10
486 436 2 0 2 5
487 757 2 0 0 10
488 134 2 0 2 7
489 143 2 0 2 3
490 636 2 0 7 9
491 705 2 0 7 4
492 361 2 0 7 2
493 712 2 0 8 2
494 720 2 0 2 9
495 659 2 0 3 4
496 52 2 0 6 7
497 295 2 0 4 6
498 98 2 0 5 0
499 85 2 0 7 0
500 391 2 0 8 1
501 341 2 0 5 7
502 100 2 0 10 1
503 466 2 0 7 0
504 182 2 0 0 3
505 14 2 0 4 9
506 636 2 0 0 1
507 484 2 0 3 2
508 242 2 0 9 2
509 719 2 0 5 9
510 450 2 0 5 6
511 771 2 0 4 0
512 777 2 0 10 4
513 332 2 0 0 2
514 249 2 0 3 6
515 165 2 0 2 10
516 162 2 0 7 10
517 380 2 0 5 8
518 378 2 0 9 7
519 675 2 0 9 6
520 755 2 0 7 4
521 185 2 0 0 5
522 465 2 0 4 10
523 774 2 0 10 6
524 153 2 0 3 4
525 797 2 0 5 8
526 720 2 0 3 6
527 112 2 0 7 9
528 684 2 0 3 6
529 353 2 0 10 5
530 82 2 0 3 8
531 199 2 0 0 10
532 452 2 0 6 7
533 687 2 0 5 6
534 578 2 0 7 0
535 707 2 0 8 2
536 646 2 0 9 2
537 785 2 0 3 8
538 446 2 0 4 1
539 791 2 0 1 0
540 486 2 0 7 2
541 181 2 0 5 9
542 402 2 0 8 3
543 59 2 0 9 3
544 209 2 0 8 4
545 386 2 0 4 10
546 499 2 0 3 1
547 493 2 0 8 10
548 422 2 0 5 0
549 102 2 0 2 3
550 531 2 0 4 2
551 196 2 0 0 4
552 360 2 0 3 6
553 537 2 0 7 4
554 183 2 0 3 8
555 337 2 0 10 3
556 387 2 0 10 0
557 302 2 0 6 7
558 278 2 0 4 9
559 458 2 0 5 8
560 748 2 0 8 7
561 681 2 0 2 0
562 610 2 0 2 1
563 775 2 0 9 2
564 419 2 0 4 10
565 779 2 0 10 0
566 126 2 0 1 6
567 675 2 0 7 4
568 215 2 0 2 10
569 267 2 0 2 10
570 604 2 0 0 2
571 261 2 0 5 0
572 681 2 0 0 10
573 165 2 0 0 4
574 565 2 0 3 6
575 378 2 0 0 5
576 738 2 0 8 0
577 207 2 0 9 5
578 46 2 0 1 9
579 672 2 0 4 8
580 737 2 0 5 1
581 728 2 0 0 9
582 486 2 0 10 5
583 680 2 0 4 8
584 43 2 0 0 5
585 277 2 0 0 5
586 453 2 0 8 1
587 441 2 0 6 10
588 732 2 0 10 4
589 485 2 0 7 5
590 356 2 0 9 5
591 456 2 0 3 10
592 164 2 0 3 10
593 69 2 0 10 8
594 639 2 0 1 6
595 715 2 0 10 5
596 217 2 0 10 2
597 19 2 0 10 0
598 545 2 0 1 3
599 356 2 0 5 8
600 160 2 0 1 9
601 63 2 0 7 9
602 430 2 0 2 10
603 489 2 0 5 0
604 145 2 0 7 4
605 463 2 0 2 10
606 642 2 0 9 6
607 349 2 0 4 2
608 605 2 0 4 0
609 201 2 0 6 8
610 270 2 0 7 9
611 663 2 0 10 4
612 5 2 0 4 0
613 60 2 0 5 3
614 189 2 0 1 6
615 793 2 0 5 7
616 114 2 0 0 7
617 791 2 0 6 4
618 751 2 0 10 1
619 357 2 0 1 10
620 22 2 0 2 9
621 559 2 0 4 10
622 273 2 0 9 3
623 167 2 0 2 10
624 489 2 0 3 0
625 135 2 0 1 9
626 673 2 0 3 5
627 517 2 0 3 8
628 331 2 0 10 8
629 288 2 0 10 3
630 253 2 0 7 2
631 572 2 0 1 5
632 796 2 0 0 3
633 434 2 0 4 3
634 593 2 0 5 0
635 170 2 0 9 5
636 140 2 0 6 5
637 54 2 0 10 5
638 707 2 0 10 4
639 503 2 0 10 6
640 649 2 0 7 9
641 687 2 0 9 7
642 99 2 0 2 10
643 65 2 0 10 5
644 544 2 0 7 6
645 385 2 0 8 0
646 304 2 0 8 10
647 309 2 0 9 10
648 458 2 0 1 8
649 130 2 0 6 5
650 323 2 0 4 5
651 219 2 0 9 6
652 543 2 0 5 1
653 182 2 0 8 4
654 462 2 0 7 10
655 318 2 0 8 1
656 769 2 0 3 7
657 172 2 0 9 2
658 760 2 0 3 1
659 70 2 0 7 9
660 458 2 0 10 2
661 504 2 0 2 6
662 197 2 0 5 8
663 649 2 0 5 3
664 272 2 0 1 3
665 544 2 0 10 7
666 571 2 0 4 10
667 637 2 0 10 5
668 385 2 0 2 7
669 441 2 0 7 5
670 760 2 0 8 0
671 233 2 0 1 10
672 405 2 0 2 1
673 531 2 0 3 4
674 538 2 0 2 3
675 231 2 0 6 5
676 497 2 0 6 0
677 14 2 0 0 6
678 622 2 0 4 6
679 197 2 0 4 6
680 589 2 0 10 7
681 470 2 0 10 2
682 66 2 0 2 0
683 532 2 0 7 5
684 545 2 0 8 6
685 744 2 0 0 5
686 730 2 0 6 9
687 606 2 0 10 3
688 712 2 0 9 10
689 76 2 0 5 8
690 156 2 0 4 8
691 402 2 0 4 10
692 201 2 0 10 9
693 111 2 0 7 4
694 687 2 0 4 3
695 153 2 0 9 1
696 464 2 0 6 3
697 358 2 0 6 10
698 539 2 0 7 6
699 556 2 0 3 4
700 649 2 0 4 7
701 604 2 0 4 8
702 231 2 0 3 1
703 100 2 0 3 7
704 316 2 0 4 9
705 675 2 0 0 9
706 389 2 0 9 2
707 305 2 0 4 9
708 167 2 0 2 3
709 215 2 0 10 8
710 383 2 0 5 3
711 541 2 0 4 8
712 376 2 0 8 3
713 511 2 0 0 5
714 317 2 0 8 0
715 554 2 0 1 0
716 455 2 0 9 6
717 279 2 0 0 3
718 193 2 0 7 0
719 683 2 0 5 0
720 100 2 0 5 1
721 365 2 0 3 9
722 737 2 0 2 8
723 345 2 0 1 7
724 547 2 0 0 3
725 518 2 0 9 8
726 277 2 0 10 4
727 254 2 0 10 0
728 552 2 0 6 8
729 556 2 0 0 6
730 378 2 0 8 5
731 310 2 0 0 4
732 623 2 0 4 3
733 307 2 0 6 1
734 15 2 0 0 1
735 542 2 0 4 5
736 703 2 0 7 5
737 42 2 0 7 4
738 159 2 0 8 0
739 626 2 0 9 2
740 619 2 0 6 10
741 776 2 0 2 10
742 340 2 0 10 3
743 572 2 0 8 5
744 221 2 0 4 1
745 348 2 0 4 9
746 9 2 0 6 0
747 87 2 0 10 4
748 652 2 0 6 8
749 549 2 0 1 7
750 90 2 0 2 8
751 114 2 0 2 7
752 435 2 0 8 1
753 722 2 0 5 0
754 716 2 0 10 1
755 558 2 0 4 6
756 144 2 0 5 3
757 746 2 0 6 7
758 532 2 0 7 2
759 646 2 0 3 10
760 433 2 0 6 7
761 160 2 0 1 2
762 559 2 0 4 3
763 464 2 0 3 10
764 568 2 0 7 6
765 65 2 0 1 7
766 166 2 0 8 2
767 32 2 0 6 7
768 421 2 0 6 10
769 778 2 0 1 6
770 181 2 0 8 5
771 615 2 0 2 6
772 650 2 0 10 0
773 273 2 0 0 2
774 566 2 0 2 4
775 510 2 0 1 4
776 17 2 0 1 0
777 327 2 0 10 1
778 376 2 0 0 3
779 87 2 0 3 6
780 19 2 0 6 0
781 464 2 0 0 7
782 73 2 0 2 10
783 485 2 0 2 10
784 584 2 0 0 1
785 297 2 0 7 1
786 672 2 0 7 1
787 77 2 0 9 10
788 746 2 0 7 6
789 134 2 0 8 2
790 278 2 0 6 8
791 580 2 0 8 1
792 726 2 0 9 10
793 677 2 0 8 4
794 575 2 0 1 8
795 791 2 0 5 0
796 582 2 0 4 5
797 299 2 0 10 3
798 774 2 0 10 1
799 162 2 0 0 5
800 190 2 0 7 8
801 463 2 0 6 10
802 689 2 0 2 9
803 639 2 0 6 2
804 607 2 0 4 8
805 360 2 0 2 7
806 690 2 0 9 4
807 255 2 0 8 2
808 83 2 0 0 6
809 454 2 0 1 6
810 274 2 0 7 0
811 743 2 0 2 9
812 113 2 0 7 10
813 475 2 0 3 4
814 374 2 0 8 7
815 455 2 0 4 1
816 690 2 0 4 0
817 129 2 0 1 2
818 609 2 0 8 2
819 526 2 0 1 7
820 64 2 0 5 4
821 662 2 0 8 6
822 312 2 0 7 0
823 604 2 0 4 2
824 730 2 0 10 5
825 751 2 0 5 0
826 8 2 0 9 6
827 771 2 0 1 7
828 724 2 0 7 2
829 500 2 0 6 9
830 310 2 0 0 2
831 99 2 0 1 8
832 566 2 0 6 5
833 255 2 0 8 10
834 312 2 0 8 3
835 646 2 0 1 6
836 129 2 0 5 7
837 9 2 0 2 6
838 284 2 0 4 5
839 66 2 0 8 1
840 752 2 0 6 4
841 449 2 0 8 6
842 494 2 0 10 3
843 128 2 0 4 3
844 166 2 0 7 2
845 630 2 0 10 6
846 267 2 0 10 7
847 525 2 0 5 10
848 160 2 0 0 4
849 143 2 0 0 4
850 738 2 0 9 1
851 515 2 0 2 1
852 798 2 0 1 5
853 231 2 0 8 10
854 531 2 0 0 9
855 77 2 0 10 9
856 185 2 0 2 3
857 171 2 0 7 1
858 717 2 0 4 2
859 176 2 0 1 8
860 580 2 0 5 8
861 51 2 0 4 0
862 513 2 0 4 1
863 279 2 0 3 1
864 90 2 0 10 1
865 181 2 0 6 8
866 99 2 0 0 2
867 261 2 0 8 9
868 212 2 0 7 3
869 388 2 0 9 0
870 775 2 0 8 9
871 412 2 0 0 1
872 100 2 0 5 10
873 792 2 0 0 4
874 736 2 0 5 1
875 617 2 0 6 2
876 50 2 0 8 2
877 293 2 0 5 9
878 728 2 0 9 3
879 606 2 0 10 5
880 658 2 0 9 1
881 618 2 0 5 9
882 439 2 0 6 7
883 505 2 0 2 4
884 155 2 0 0 1
885 361 2 0 6 7
886 655 2 0 8 1
887 622 2 0 9 3
888 497 2 0 10 0
889 217 2 0 8 9
890 607 2 0 2 5
891 686 2 0 8 6
892 318 2 0 9 8
893 117 2 0 4 0
894 311 2 0 8 2
895 80 2 0 5 7
896 174 2 0 9 6
897 586 2 0 6 1
898 488 2 0 1 2
899 190 2 0 3 5
900 759 2 0 6 10
901 246 2 0 5 3
902 306 2 0 7 8
903 708 2 0 9 6
904 79 2 0 10 8
905 699 2 0 7 9
906 174 2 0 3 2
907 537 2 0 0 10
908 362 2 0 7 5
909 505 2 0 6 10
910 39 2 0 0 6
911 340 2 0 4 9
912 318 2 0 4 5
913 181 2 0 4 3
914 752 2 0 4 7
915 38 2 0 9 5
916 275 2 0 9 1
917 288 2 0 5 1
918 27 2 0 8 4
919 460 2 0 9 7
920 195 2 0 0 7
921 161 2 0 7 4
922 18 2 0 1 5
923 663 2 0 9 8
924 791 2 0 2 1
925 491 2 0 10 0
926 48 2 0 6 8
927 81 2 0 9 6
928 2 2 0 10 8
929 568 2 0 9 2
930 280 2 0 4 5
931 414 2 0 4 0
932 83 2 0 6 8
933 117 2 0 9 6
934 212 2 0 2 4
935 272 2 0 6 3
936 235 2 0 6 5
937 666 2 0 8 7
938 428 2 0 7 1
939 701 2 0 5 1
940 703 2 0 5 0
941 20 2 0 10 8
942 174 2 0 3 2
943 190 2 0 5 4
944 473 2 0 9 8
945 363 2 0 6 4
946 128 2 0 5 4
947 338 2 0 8 4
948 747 2 0 2 8
949 478 2 0 4 0
950 408 2 0 7 0
951 738 2 0 1 8
952 193 2 0 4 0
953 39 2 0 9 4
954 319 2 0 10 6
955 766 2 0 9 6
956 485 2 0 7 5
957 732 2 0 2 9
958 795 2 0 8 9
959 74 2 0 3 7
960 68 2 0 0 7
961 334 2 0 4 5
962 794 2 0 2 4
963 413 2 0 7 8
964 760 2 0 2 5
965 309 2 0 10 2
966 42 2 0 3 10
967 155 2 0 8 3
968 535 2 0 9 7
969 590 2 0 6 5
970 166 2 0 0 2
971 585 2 0 10 0
972 151 2 0 3 10
973 406 2 0 5 1
974 442 2 0 3 5
975 372 2 0 4 3
976 6 2 0 8 7
977 180 2 0 7 2
978 24 2 0 4 0
979 483 2 0 2 0
980 479 2 0 7 5
981 361 2 0 7 9
982 445 2 0 1 10
983 440 2 0 6 8
984 757 2 0 3 0
985 654 2 0 3 8
986 615 2 0 6 10
987 768 2 0 5 0
988 142 2 0 8 0
989 257 2 0 9 6
990 574 2 0 4 7
991 552 2 0 7 2
992 365 2 0 8 1
993 358 2 0 1 5
994 289 2 0 0 10
995 547 2 0 1 5
996 732 2 0 10 8
997 379 2 0 4 6
998 665 2 0 2 10
999 202 2 0 5 0
1000 359 2 0 2 6
1001 76 2 0 6 4
1002 499 2 0 2 10
1003 87 2 0 5 10
1004 797 2 0 0 2
1005 484 2 0 6 7
1006 266 2 0 1 4
1007 150 2 0 8 9
1008 631 2 0 2 3
1009 650 2 0 2 3
1010 306 2 0 7 4
1011 707 2 0 9 6
1012 782 2 0 5 8
1013 465 2 0 6 10
1014 638 2 0 8 5
1015 295 2 0 2 9
1016 522 2 0 6 4
1017 652 2 0 7 8
1018 544 2 0 5 4
1019 375 2 0 1 8
1020 24 2 0 5 4
1021 738 2 0 8 2
1022 66 2 0 6 2
1023 434 2 0 10 5
1024 404 2 0 7 6
1025 38 2 0 2 4
1026 283 2 0 2 0
1027 605 2 0 9 4
1028 684 2 0 2 8
1029 378 2 0 7 9
1030 244 2 0 9 10
1031 687 2 0 9 1
1032 707 2 0 4 3
1033 733 2 0 0 4
1034 461 2 0 3 5
1035 581 2 0 3 6
1036 629 2 0 4 8
1037 362 2 0 8 1
1038 406 2 0 1 10
1039 449 2 0 3 4
1040 743 2 0 10 7
1041 132 2 0 5 0
1042 133 2 0 8 10
1043 431 2 0 5 3
1044 290 2 0 9 6
1045 552 2 0 2 6
1046 568 2 0 7 10
1047 119 2 0 2 9
1048 537 2 0 7 8
1049 607 2 0 0 8
1050 784 2 0 8 5
1051 699 2 0 7 9
1052 516 2 0 0 3
1053 300 2 0 6 0
1054 386 2 0 8 1
1055 308 2 0 1 8
1056 796 2 0 8 6
1057 609 2 0 6 8
1058 39 2 0 0 8
1059 697 2 0 4 6
1060 673 2 0 0 3
1061 26 2 0 4 6
1062 297 2 0 1 6
1063 472 2 0 10 5
1064 257 2 0 5 9
1065 796 2 0 4 1
1066 398 2 0 10 1
1067 166 2 0 5 2
1068 218 2 0 6 9
1069 523 2 0 7 2
1070 331 2 0 8 10
1071 659 2 0 7 9
1072 713 2 0 1 8
1073 692 2 0 9 2
1074 183 2 0 9 7
1075 464 2 0 8 6
1076 254 2 0 8 0
1077 272 2 0 9 10
1078 424 2 0 9 0
1079 158 2 0 2 1
1080 129 2 0 0 10
1081 252 2 0 9 7
1082 59 2 0 1 0
1083 752 2 0 9 3
1084 577 2 0 9 10
1085 161 2 0 1 4
1086 142 2 0 10 3
1087 144 2 0 4 7
1088 630 2 0 2 10
1089 401 2 0 5 0
1090 281 2 0 0 4
1091 523 2 0 2 1
1092 376 2 0 10 1
1093 758 2 0 4 3
1094 396 2 0 2 4
1095 331 2 0 5 3
1096 231 2 0 7 4
1097 516 2 0 2 8
1098 728 2 0 4 7
1099 425 2 0 9 7
1100 732 2 0 8 7
1101 417 2 0 10 3
1102 768 2 0 1 9
1103 1 2 0 3 9
1104 18 2 0 2 3
1105 199 2 0 10 0
1106 176 2 0 8 1
1107 318 2 0 6 10
1108 386 2 0 3 4
1109 256 2 0 0 3
1110 592 2 0 8 6
1111 691 2 0 7 5
1112 578 2 0 4 1
1113 500 2 0 9 6
1114 243 2 0 0 10
1115 591 2 0 8 9
1116 642 2 0 1 10
1117 244 2 0 1 3
1118 599 2 0 9 5
1119 138 2 0 9 4
1120 176 2 0 10 6
1121 690 2 0 10 8
1122 385 2 0 9 6
1123 654 2 0 1 2
1124 435 2 0 10 5
1125 638 2 0 7 1
1126 770 2 0 9 4
1127 670 2 0 6 4
1128 652 2 0 6 2
1129 380 2 0 4 0
1130 624 2 0 2 10
1131 750 2 0 7 1
1132 43 2 0 0 1
1133 74 2 0 8 10
1134 182 2 0 6 0
1135 511 2 0 10 8
1136 509 2 0 5 1
1137 120 2 0 8 2
1138 132 2 0 5 4
1139 583 2 0 6 1
1140 692 2 0 2 8
1141 129 2 0 0 5
1142 10 2 0 6 5
1143 523 2 0 4 6
1144 685 2 0 5 4
1145 48 2 0 0 6
1146 660 2 0 6 0
1147 190 2 0 10 5
1148 701 2 0 10 1
1149 301 2 0 0 4
1150 679 2 0 7 4
1151 227 2 0 2 7
1152 652 2 0 7 4
1153 430 2 0 1 6
1154 263 2 0 6 1
1155 489 2 0 10 4
1156 441 2 0 8 7
1157 461 2 0 6 7
1158 533 2 0 2 0
1159 713 2 0 2 6
1160 566 2 0 10 5
1161 100 2 0 1 3
1162 736 2 0 0 3
1163 708 2 0 6 7
1164 129 2 0 7 10
1165 415 2 0 7 4
1166 265 2 0 0 2
1167 199 2 0 2 3
1168 508 2 0 10 4
1169 508 2 0 7 9
1170 727 2 0 3 2
1171 350 2 0 10 7
1172 259 2 0 6 7
1173 49 2 0 6 3
1174 105 2 0 3 9
1175 670 2 0 9 0
1176 192 2 0 10 9
1177 683 2 0 7 10
1178 644 2 0 10 0
1179 115 2 0 7 10
1180 509 2 0 9 8
1181 448 2 0 6 4
1182 508 2 0 6 8
1183 662 2 0 5 10
1184 356 2 0 1 6
1185 657 2 0 5 3
1186 304 2 0 10 1
1187 119 2 0 0 8
1188 1 2 0 4 8
1189 6 2 0 4 8
1190 406 2 0 1 5
1191 517 2 0 3 2
1192 236 2 0 2 6
1193 206 2 0 2 3
1194 243 2 0 5 4
1195 116 2 0 0 5
1196 440 2 0 10 1
1197 515 2 0 3 0
1198 376 2 0 7 0
1199 672 2 0 10 2
1200 352 2 0 4 3
1201 539 2 0 0 3
1202 446 2 0 6 5
1203 785 2 0 1 3
1204 563 2 0 9 7
1205 789 2 0 3 10
1206 409 2 0 8 1
1207 717 2 0 1 10
1208 372 2 0 1 5
1209 614 2 0 2 10
1210 297 2 0 3 6
1211 278 2 0 10 4
1212 208 2 0 3 0
1213 657 2 0 2 10
1214 600 2 0 7 9
1215 355 2 0 7 9
1216 574 2 0 4 0
1217 526 2 0 4 10
1218 313 2 0 4 7
1219 680 2 0 3 8
1220 175 2 0 7 2
1221 799 2 0 8 1
1222 145 2 0 0 2
1223 357 2 0 3 9
1224 555 2 0 7 5
1225 464 2 0 3 1
1226 771 2 0 1 4
1227 458 2 0 9 0
1228 609 2 0 3 1
1229 440 2 0 5 2
1230 714 2 0 10 5
1231 557 2 0 2 1
1232 525 2 0 10 6
1233 150 2 0 4 0
1234 142 2 0 8 4
1235 204 2 0 4 2
1236 478 2 0 1 9
1237 503 2 0 5 6
1238 296 2 0 7 0
1239 552 2 0 9 3
1240 393 2 0 3 4
1241 271 2 0 0 4
1242 597 2 0 3 10
1243 264 2 0 9 5
1244 244 2 0 6 5
1245 163 2 0 5 6
1246 604 2 0 3 1
1247 351 2 0 9 1
1248 631 2 0 2 1
1249 489 2 0 2 8
1250 253 2 0 1 4
1251 458 2 0 9 0
1252 617 2 0 3 5
1253 270 2 0 0 10
1254 465 2 0 5 8
1255 318 2 0 8 6
1256 377 2 0 10 0
1257 606 2 0 6 3
1258 100 2 0 10 3
1259 731 2 0 3 8
1260 558 2 0 9 2
1261 131 2 0 3 4
1262 170 2 0 4 3
1263 504 2 0 7 1
1264 587 2 0 5 8
1265 636 2 0 4 2
1266 756 2 0 2 6
1267 183 2 0 5 3
1268 356 2 0 1 9
1269 798 2 0 4 7
1270 365 2 0 0 2
1271 723 2 0 10 1
1272 719 2 0 1 7
1273 92 2 0 9 5
1274 260 2 0 9 1
1275 336 2 0 10 2
1276 521 2 0 10 2
1277 477 2 0 6 3
1278 21 2 0 3 8
1279 311 2 0 8 5
1280 150 2 0 3 0
1281 136 2 0 6 0
1282 629 2 0 2 0
1283 707 2 0 4 9
1284 270 2 0 9 4
1285 313 2 0 7 9
1286 281 2 0 10 8
1287 357 2 0 1 10
1288 585 2 0 7 2
1289 212 2 0 5 8
1290 598 2 0 0 9
1291 728 2 0 1 6
1292 732 2 0 1 2
1293 184 2 0 2 7
1294 366 2 0 3 2
1295 127 2 0 2 10
1296 184 2 0 2 8
1297 241 2 0 9 5
1298 277 2 0 2 4
1299 671 2 0 6 8
1300 276 2 0 3 5
1301 74 2 0 2 0
1302 55 2 0 3 2
1303 190 2 0 2 5
1304 436 2 0 7 10
1305 54 2 0 0 10
1306 44 2 0 0 2
1307 692 2 0 10 1
1308 323 2 0 3 6
1309 568 2 0 3 2
1310 760 2 0 3 9
1311 705 2 0 6 0
1312 147 2 0 9 5
1313 513 2 0 3 5
1314 370 2 0 2 1
1315 171 2 0 5 1
1316 620 2 0 4 7
1317 318 2 0 2 5
1318 530 2 0 10 7
1319 693 2 0 5 10
1320 243 2 0 3 9
1321 439 2 0 5 10
1322 556 2 0 5 6
1323 13 2 0 10 4
1324 45 2 0 2 1
1325 431 2 0 4 0
1326 646 2 0 10 9
1327 9 2 0 8 10
1328 364 2 0 10 6
1329 417 2 0 2 1
1330 540 2 0 8 1
1331 317 2 0 10 1
1332 778 2 0 0 9
1333 110 2 0 8 6
1334 558 2 0 8 0
1335 719 2 0 6 3
1336 480 2 0 7 10
1337 377 2 0 5 2
1338 623 2 0 1 3
1339 775 2 0 9 2
1340 226 2 0 8 6
1341 149 2 0 10 2
1342 576 2 0 3 7
1343 141 2 0 5 6
1344 460 2 0 3 2
1345 650 2 0 1 7
1346 81 2 0 2 3
1347 690 2 0 5 6
1348 776 2 0 4 10
1349 580 2 0 4 10
1350 548 2 0 5 2
1351 543 2 0 2 3
1352 771 2 0 8 3
1353 257 2 0 4 3
1354 236 2 0 2 8
1355 794 2 0 6 1
1356 776 2 0 1 6
1357 671 2 0 3 4
1358 762 2 0 9 10
1359 131 2 0 9 3
1360 42 2 0 7 6
1361 657 2 0 5 2
1362 660 2 0 8 0
1363 473 2 0 1 4
1364 223 2 0 3 7
1365 454 2 0 7 3
1366 177 2 0 2 0
1367 210 2 0 0 1
1368 432 2 0 5 4
1369 579 2 0 6 8
1370 268 2 0 10 8
1371 768 2 0 3 5
1372 739 2 0 4 7
1373 326 2 0 3 4
1374 765 2 0 1 2
1375 500 2 0 4 9
1376 684 2 0 9 10
1377 305 2 0 4 1
1378 440 2 0 7 10
1379 640 2 0 2 6
1380 622 2 0 6 0
1381 117 2 0 6 8
1382 184 2 0 7 9
1383 422 2 0 1 0
1384 128 2 0 7 5
1385 793 2 0 4 0
1386 687 2 0 4 7
1387 384 2 0 10 0
1388 381 2 0 7 10
1389 70 2 0 2 4
1390 650 2 0 9 5
1391 501 2 0 8 9
1392 265 2 0 6 2
1393 767 2 0 9 0
1394 313 2 0 2 0
1395 252 2 0 2 6
1396 631 2 0 8 9
1397 376 2 0 9 8
1398 555 2 0 2 6
1399 385 2 0 1 9
1400 549 2 0 2 0
1401 763 2 0 5 1
1402 335 2 0 10 1
1403 109 2 0 10 0
1404 712 2 0 7 5
1405 765 2 0 8 4
1406 674 2 0 2 8
1407 109 2 0 2 1
1408 123 2 0 9 10
1409 94 2 0 8 6
1410 336 2 0 4 0
1411 195 2 0 0 3
1412 26 2 0 10 8
1413 499 2 0 3 7
1414 336 2 0 10 0
1415 160 2 0 3 7
1416 612 2 0 5 1
1417 159 2 0 10 3
1418 595 2 0 5 9
1419 669 2 0 1 4
1420 465 2 0 2 6
1421 396 2 0 2 3
1422 235 2 0 10 7
1423 298 2 0 3 8
1424 178 2 0 4 3
1425 697 2 0 10 9
1426 378 2 0 8 9
1427 750 2 0 4 1
1428 299 2 0 4 3
1429 762 2 0 6 5
1430 646 2 0 10 3
1431 555 2 0 1 0
1432 162 2 0 1 7
1433 215 2 0 1 10
1434 755 2 0 5 4
1435 722 2 0 0 2
1436 571 2 0 0 9
1437 48 2 0 1 2
1438 130 2 0 7 3
1439 440 2 0 9 8
1440 35 2 0 8 3
1441 11 2 0 5 4
1442 371 2 0 4 9
1443 419 2 0 8 2
1444 221 2 0 1 0
1445 776 2 0 2 3
1446 323 2 0 8 2
1447 575 2 0 6 3
1448 758 2 0 2 6
1449 433 2 0 2 1
1450 426 2 0 3 4
1451 116 2 0 6 9
1452 33 2 0 10 4
1453 396 2 0 2 7
1454 129 2 0 5 2
1455 116 2 0 10 4
1456 1 2 0 2 10
1457 780 2 0 5 8
1458 730 2 0 6 1
1459 372 2 0 4 7
1460 667 2 0 6 3
1461 432 2 0 8 4
1462 524 2 0 2 6
1463 564 2 0 10 1
1464 77 2 0 6 5
1465 496 2 0 9 8
1466 450 2 0 5 0
1467 734 2 0 0 4
1468 678 2 0 2 0
1469 609 2 0 7 4
1470 759 2 0 5 3
1471 8 2 0 4 1
1472 236 2 0 8 10
1473 319 2 0 1 5
1474 624 2 0 6 7
1475 613 2 0 9 7
1476 173 2 0 6 1
1477 419 2 0 7 0
1478 170 2 0 8 4
1479 122 2 0 3 1
1480 288 2 0 10 7
1481 199 2 0 5 2
1482 659 2 0 7 4
1483 584 2 0 3 6
1484 328 2 0 3 1
1485 160 2 0 8 7
1486 560 2 0 9 1
1487 10 2 0 3 8
1488 70 2 0 0 1
1489 771 2 0 2 3
1490 237 2 0 6 0
1491 144 2 0 7 1
1492 87 2 0 7 6
1493 511 2 0 5 4
1494 533 2 0 5 8
1495 670 2 0 7 0
1496 453 2 0 7 1
1497 635 2 0 5 10
1498 563 2 0 6 5
1499 287 2 0 8 1
1500 170 2 0 6 7
1501 181 2 0 4 10
1502 181 2 0 1 0
1503 585 2 0 8 7
1504 334 2 0 3 0
1505 213 2 0 10 0
1506 494 2 0 3 5
1507 140 2 0 0 3
1508 679 2 0 5 2
1509 633 2 0 5 0
1510 397 2 0 1 8
1511 276 2 0 4 7
1512 592 2 0 4 10
1513 327 2 0 10 2
1514 196 2 0 5 3
1515 421 2 0 9 6
1516 464 2 0 0 6
1517 711 2 0 7 4
1518 109 2 0 5 3
1519 182 2 0 7 8
1520 475 2 0 6 0
1521 203 2 0 4 1
1522 760 2 0 3 1
1523 543 2 0 4 10
1524 365 2 0 7 6
1525 655 2 0 3 8
1526 697 2 0 1 2
1527 265 2 0 8 1
1528 170 2 0 7 6
1529 504 2 0 10 6
1530 639 2 0 10 4
1531 498 2 0 6 9
1532 594 2 0 7 9
1533 149 2 0 9 1
1534 728 2 0 6 5
1535 676 2 0 4 1
1536 141 2 0 7 9
1537 35 2 0 2 5
1538 599 2 0 1 0
1539 139 2 0 6 7
1540 255 2 0 0 5
1541 448 2 0 8 9
1542 96 2 0 3 8
1543 93 2 0 1 4
1544 538 2 0 4 3
1545 708 2 0 4 7
1546 295 2 0 3 0
1547 246 2 0 2 8
1548 17 2 0 2 4
1549 122 2 0 8 1
1550 508 2 0 6 3
1551 461 2 0 7 1
1552 170 2 0 1 0
1553 306 2 0 4 5
1554 726 2 0 3 7
1555 284 2 0 8 6
1556 60 2 0 0 4
1557 605 2 0 4 3
1558 339 2 0 0 8
1559 749 2 0 4 5
1560 321 2 0 6 3
1561 299 2 0 2 0
1562 780 2 0 6 10
1563 313 2 0 7 5
1564 437 2 0 1 2
1565 661 2 0 5 1
1566 654 2 0 5 7
1567 317 2 0 9 2
1568 232 2 0 7 9
1569 716 2 0 9 7
1570 15 2 0 8 5
1571 718 2 0 8 3
1572 398 2 0 5 0
1573 499 2 0 6 9
1574 418 2 0 5 0
1575 361 2 0 5 2
1576 200 2 0 2 6
1577 699 2 0 0 1
1578 605 2 0 4 10
1579 443 2 0 1 8
1580 566 2 0 6 1
1581 529 2 0 6 1
1582 706 2 0 6 4
1583 203 2 0 6 7
1584 750 2 0 7 8
1585 420 2 0 2 9
1586 242 2 0 7 10
1587 707 2 0 6 0
1588 574 2 0 6 3
1589 244 2 0 1 10
1590 224 2 0 7 4
1591 256 2 0 1 6
1592 59 2 0 3 10
1593 691 2 0 2 1
1594 409 2 0 5 8
1595 795 2 0 6 10
1596 352 2 0 9 3
1597 568 2 0 3 0
1598 288 2 0 1 6
1599 396 2 0 1 3
1600 97 2 0 6 9
1601 414 2 0 10 2
1602 589 2 0 6 8
1603 730 2 0 8 1
1604 787 2 0 3 4
1605 245 2 0 8 5
1606 318 2 0 1 7
1607 368 2 0 9 0
1608 632 2 0 3 2
1609 272 2 0 4 3
1610 667 2 0 2 3
1611 543 2 0 3 4
1612 402 2 0 10 1
1613 408 2 0 4 1
1614 238 2 0 6 8
1615 239 2 0 2 5
1616 601 2 0 6 10
1617 454 2 0 8 9
1618 307 2 0 7 9
1619 121 2 0 1 9
1620 215 2 0 3 4
1621 592 2 0 7 2
1622 728 2 0 8 2
1623 663 2 0 4 5
1624 123 2 0 8 7
1625 542 2 0 0 6
1626 508 2 0 6 3
1627 631 2 0 3 7
1628 139 2 0 10 1
1629 176 2 0 7 0
1630 693 2 0 1 9
1631 712 2 0 1 7
1632 717 2 0 4 3
1633 532 2 0 3 7
1634 263 2 0 5 0
1635 419 2 0 4 8
1636 50 2 0 7 5
1637 445 2 0 6 5
1638 424 2 0 6 9
1639 745 2 0 4 3
1640 725 2 0 7 10
1641 174 2 0 1 7
1642 791 2 0 10 0
1643 707 2 0 9 6
1644 311 2 0 5 7
1645 482 2 0 1 8
1646 329 2 0 2 9
1647 577 2 0 0 4
1648 731 2 0 4 5
1649 390 2 0 0 5
1650 594 2 0 0 1
1651 788 2 0 7 4
1652 144 2 0 4 1
1653 793 2 0 1 7
1654 462 2 0 7 3
1655 633 2 0 1 9
1656 739 2 0 9 1
1657 173 2 0 6 3
1658 523 2 0 6 2
1659 184 2 0 8 3
1660 243 2 0 8 10
1661 482 2 0 3 8
1662 668 2 0 1 7
1663 90 2 0 5 10
1664 138 2 0 5 8
1665 535 2 0 3 10
1666 497 2 0 6 4
1667 211 2 0 5 10
1668 235 2 0 3 10
1669 402 2 0 4 8
1670 125 2 0 1 6
1671 94 2 0 5 10
1672 63 2 0 7 8
1673 59 2 0 9 3
1674 185 2 0 10 7
1675 216 2 0 8 7
1676 744 2 0 6 3
1677 137 2 0 7 8
1678 280 2 0 9 8
1679 113 2 0 0 7
1680 53 2 0 8 10
1681 247 2 0 4 3
1682 76 2 0 3 9
1683 692 2 0 9 7
1684 644 2 0 8 5
1685 426 2 0 0 7
1686 607 2 0 9 3
1687 574 2 0 6 3
1688 96 2 0 5 0
1689 228 2 0 5 0
1690 145 2 0 4 2
1691 41 2 0 0 6
1692 198 2 0 2 7
1693 86 2 0 3 4
1694 533 2 0 1 6
1695 270 2 0 6 5
1696 383 2 0 4 7
1697 430 2 0 6 8
1698 105 2 0 7 4
1699 442 2 0 2 6
1700 692 2 0 3 0
1701 289 2 0 2 0
1702 301 2 0 0 8
1703 13 2 0 3 8
1704 722 2 0 2 6
1705 717 2 0 4 1
1706 427 2 0 2 10
1707 25 2 0 5 8
1708 379 2 0 10 6
1709 230 2 0 10 4
1710 289 2 0 10 0
1711 577 2 0 4 2
1712 620 2 0 10 8
1713 630 2 0 5 1
1714 650 2 0 10 6
1715 528 2 0 2 9
1716 241 2 0 7 4
1717 366 2 0 8 10
1718 315 2 0 9 1
1719 320 2 0 6 5
1720 695 2 0 7 6
1721 70 2 0 7 3
1722 433 2 0 3 7
1723 550 2 0 10 9
1724 505 2 0 4 5
1725 458 2 0 5 0
1726 141 2 0 0 9
1727 393 2 0 10 0
1728 712 2 0 3 9
1729 594 2 0 0 2
1730 280 2 0 10 0
1731 354 2 0 5 1
1732 273 2 0 4 5
1733 322 2 0 10 5
1734 250 2 0 5 3
1735 644 2 0 6 3
1736 602 2 0 2 7
1737 133 2 0 8 9
1738 712 2 0 1 6
1739 129 2 0 7 4
1740 737 2 0 1 0
1741 770 2 0 8 2
1742 429 2 0 7 8
1743 602 2 0 7 8
1744 797 2 0 5 0
1745 337 2 0 9 7
1746 570 2 0 0 8
1747 697 2 0 4 10
1748 176 2 0 6 3
1749 576 2 0 10 6
1750 277 2 0 0 5
1751 134 2 0 7 10
1752 543 2 0 1 4
1753 208 2 0 10 0
1754 105 2 0 0 4
1755 374 2 0 3 10
1756 390 2 0 7 0
1757 210 2 0 0 2
1758 584 2 0 9 10
1759 64 2 0 1 0
1760 591 2 0 6 1
1761 710 2 0 3 1
1762 95 2 0 1 7
1763 472 2 0 5 8
1764 640 2 0 9 7
1765 278 2 0 0 10
1766 756 2 0 6 3
1767 756 2 0 3 7
1768 527 2 0 3 0
1769 598 2 0 3 1
1770 411 2 0 1 8
1771 122 2 0 8 2
1772 692 2 0 7 3
1773 50 2 0 0 8
1774 220 2 0 10 1
1775 110 2 0 4 1
1776 14 2 0 9 4
1777 752 2 0 3 7
1778 558 2 0 5 7
1779 651 2 0 9 2
1780 514 2 0 3 10
1781 652 2 0 7 0
1782 311 2 0 6 2
1783 362 2 0 10 0
1784 16 2 0 8 1
1785 752 2 0 3 5
1786 714 2 0 7 4
1787 595 2 0 3 0
1788 18 2 0 4 8
1789 739 2 0 8 4
1790 696 2 0 8 4
1791 153 2 0 0 6
1792 384 2 0 0 9
1793 149 2 0 8 3
1794 67 2 0 4 3
1795 421 2 0 5 4
1796 167 2 0 9 10
1797 48 2 0 9 6
1798 345 2 0 3 4
1799 588 2 0 10 4
1800 234 2 0 8 0
1801 337 2 0 3 6
1802 98 2 0 9 5
1803 668 2 0 2 1
1804 736 2 0 10 8
1805 751 2 0 6 7
1806 135 2 0 2 5
1807 155 2 0 8 7
1808 159 2 0 5 6
1809 588 2 0 9 4
1810 778 2 0 6 5
1811 429 2 0 8 0
1812 57 2 0 1 5
1813 451 2 0 3 5
1814 209 2 0 9 2
1815 235 2 0 2 6
1816 432 2 0 10 1
1817 754 2 0 7 0
1818 153 2 0 9 3
1819 606 2 0 8 5
1820 496 2 0 0 7
1821 84 2 0 8 10
1822 177 2 0 4 1
1823 448 2 0 2 3
1824 160 2 0 3 1
1825 306 2 0 9 7
1826 725 2 0 1 5
1827 351 2 0 8 6
1828 680 2 0 4 6
1829 142 2 0 0 2
1830 709 2 0 9 4
1831 740 2 0 3 7
1832 261 2 0 3 4
1833 305 2 0 6 0
1834 610 2 0 6 7
1835 26 2 0 5 10
1836 253 2 0 4 5
1837 711 2 0 8 10
1838 623 2 0 8 2
1839 761 2 0 2 0
1840 269 2 0 0 8
1841 457 2 0 6 7
1842 298 2 0 4 6
1843 494 2 0 1 8
1844 303 2 0 7 6
1845 40 2 0 3 4
1846 256 2 0 6 3
1847 610 2 0 10 8
1848 43 2 0 7 2
1849 364 2 0 10 5
1850 163 2 0 6 9
1851 255 2 0 6 1
1852 110 2 0 5 6
1853 664 2 0 3 7
1854 416 2 0 0 6
1855 651 2 0 4 6
1856 683 2 0 10 3
1857 574 2 0 1 10
1858 555 2 0 4 1
1859 308 2 0 3 9
1860 572 2 0 4 2
1861 363 2 0 10 6
1862 474 2 0 7 0
1863 224 2 0 8 1
1864 79 2 0 2 5
1865 112 2 0 7 4
1866 498 2 0 5 9
1867 746 2 0 9 3
1868 714 2 0 8 9
1869 355 2 0 0 8
1870 343 2 0 5 2
1871 572 2 0 7 10
1872 296 2 0 5 10
1873 355 2 0 3 9
1874 662 2 0 6 2
1875 290 2 0 0 7
1876 397 2 0 3 2
1877 483 2 0 5 1
1878 280 2 0 6 5
1879 407 2 0 7 6
1880 353 2 0 1 3
1881 591 2 0 0 7
1882 42 2 0 8 0
1883 601 2 0 0 7
1884 100 2 0 3 4
1885 159 2 0 3 4
1886 317 2 0 3 7
1887 8 2 0 1 6
1888 184 2 0 4 3
1889 332 2 0 5 7
1890 432 2 0 5 3
1891 737 2 0 6 0
1892 511 2 0 7 9
1893 138 2 0 7 2
1894 297 2 0 5 7
1895 384 2 0 2 3
1896 527 2 0 6 7
1897 62 2 0 3 5
1898 182 2 0 8 6
1899 168 2 0 3 1
1900 636 2 0 3 0
1901 283 2 0 1 3
1902 99 2 0 1 3
1903 750 2 0 10 4
1904 587 2 0 6 0
1905 689 2 0 0 6
1906 680 2 0 7 2
1907 258 2 0 3 0
1908 23 2 0 5 3
1909 210 2 0 2 10
1910 355 2 0 0 7
1911 445 2 0 2 7
1912 733 2 0 5 0
1913 326 2 0 2 5
1914 156 2 0 3 0
1915 381 2 0 0 4
1916 523 2 0 1 9
1917 695 2 0 3 1
1918 178 2 0 10 4
1919 93 2 0 5 9
1920 358 2 0 5 1
1921 84 2 0 6 0
1922 623 2 0 7 4
1923 128 2 0 9 3
1924 678 2 0 2 0
1925 142 2 0 9 8
1926 457 2 0 10 5
1927 251 2 0 0 7
1928 729 2 0 7 3
1929 406 2 0 8 7
1930 68 2 0 7 2
1931 531 2 0 7 6
1932 6 2 0 3 9
1933 551 2 0 3 10
1934 260 2 0 3 1
1935 19 2 0 7 5
1936 545 2 0 10 2
1937 781 2 0 3 4
1938 420 2 0 6 7
1939 179 2 0 1 6
1940 630 2 0 5 2
1941 528 2 0 3 1
1942 537 2 0 3 0
1943 496 2 0 4 3
1944 428 2 0 6 1
1945 95 2 0 8 9
1946 457 2 0 0 3
1947 27 2 0 4 9
1948 149 2 0 10 2
1949 639 2 0 5 1
1950 715 2 0 7 8
1951 538 2 0 4 5
1952 299 2 0 2 8
1953 549 2 0 0 6
1954 63 2 0 2 3
1955 468 2 0 3 2
1956 326 2 0 4 6
1957 633 2 0 0 6
1958 745 2 0 10 5
1959 532 2 0 5 7
1960 776 2 0 9 4
1961 20 2 0 7 6
1962 506 2 0 0 6
1963 99 2 0 3 0
1964 359 2 0 4 6
1965 429 2 0 8 0
1966 764 2 0 1 2
1967 587 2 0 4 6
1968 10 2 0 1 2
1969 154 2 0 2 1
1970 364 2 0 0 5
1971 369 2 0 8 9
1972 740 2 0 7 4
1973 709 2 0 1 2
1974 525 2 0 2 8
1975 586 2 0 9 10
1976 537 2 0 6 10
1977 94 2 0 6 3
1978 740 2 0 0 5
1979 424 2 0 10 4
1980 484 2 0 4 2
1981 64 2 0 10 9
1982 736 2 0 7 1
1983 560 2 0 4 6
1984 465 2 0 7 4
1985 524 2 0 6 0
1986 233 2 0 9 5
1987 480 2 0 8 7
1988 755 2 0 5 3
1989 323 2 0 8 3
1990 744 2 0 4 3
1991 573 2 0 3 2
1992 140 2 0 10 1
1993 277 2 0 0 3
1994 536 2 0 9 4
1995 782 2 0 4 3
1996 616 2 0 1 7
1997 246 2 0 2 5
1998 39 2 0 8 3
1999 366 2 0 5 6
