=== Storages ===
0 94942343009.0 29040.0 1360498609.0 50783.0 1120589983.0
1 240441255125.0 320.0 524288000.0 320.0 419430400.0
2 199856486865.0 320.0 524288000.0 320.0 419430400.0
=== Objects ===
0 10771581964.0 9.0 99.0 4.0 9.0 1 2
1 10521012967.0 9.0 99.0 5.0 10.0 1 2
2 10783997854.0 9.0 98.0 4.0 10.0 2 1
3 10813067762.0 10.0 100.0 5.0 10.0 1 2
4 10486130311.0 10.0 98.0 4.0 9.0 1 2
5 10729733492.0 10.0 101.0 5.0 10.0 1 2
6 10625300743.0 10.0 99.0 4.0 10.0 1 2
7 10567502736.0 10.0 101.0 4.0 9.0 0 1
8 10605524749.0 10.0 99.0 5.0 10.0 0 1
9 10728285929.0 9.0 99.0 5.0 10.0 1 2
10 10732083389.0 10.0 99.0 4.0 9.0 0 2
11 10813912056.0 9.0 100.0 5.0 9.0 0 2
12 10704702949.0 9.0 100.0 4.0 9.0 1 2
13 10680066538.0 10.0 100.0 5.0 10.0 1 2
14 10858438051.0 10.0 99.0 4.0 10.0 0 1
15 10580670401.0 9.0 101.0 4.0 9.0 1 2
16 10662828338.0 9.0 100.0 4.0 10.0 0 2
17 10834574675.0 9.0 101.0 5.0 10.0 0 2
18 10748850747.0 9.0 100.0 4.0 9.0 0 2
19 10643554932.0 9.0 99.0 4.0 9.0 0 1
=== Proposals ===
0 10 2 0 1 2
1 9 2 0 0 2
2 13 2 0 0 1
3 15 2 0 0 2
4 14 2 0 0 2
5 4 2 0 0 1
6 18 2 0 1 2
7 16 2 0 0 1
8 9 2 0 0 1
9 4 2 0 1 2
10 10 2 0 0 1
11 1 2 0 1 2
12 2 2 0 1 2
13 1 2 0 0 1
14 3 2 0 0 1
15 5 2 0 0 2
16 19 2 0 0 2
17 17 2 0 1 2
18 14 2 0 1 2
19 16 2 0 1 2
20 18 2 0 0 1
21 6 2 0 0 1
22 17 2 0 0 1
23 3 2 0 1 2
24 5 2 0 0 1
25 15 2 0 0 1
26 13 2 0 0 2
27 6 2 0 0 2
28 8 2 0 0 2
29 0 2 0 1 2
30 12 2 0 0 2
31 12 2 0 0 1
32 11 2 0 0 1
33 8 2 0 1 2
34 11 2 0 1 2
35 19 2 0 1 2
36 0 2 0 0 1
37 7 2 0 0 2
38 2 2 0 0 2
39 7 2 0 1 2
